res_4096_1 = [ 
-40.000000, 38.905859, 38.963108;
-39.900000, 39.583988, 39.628870;
-39.800000, 40.110157, 40.130456;
-39.700000, 38.903838, 38.986434;
-39.600000, 39.447608, 39.521646;
-39.500000, 39.854896, 39.931378;
-39.400000, 40.240255, 40.298528;
-39.300000, 40.468661, 40.535841;
-39.200000, 40.696349, 40.733379;
-39.100000, 39.293133, 39.345545;
-39.000000, 39.391789, 39.460739;
-38.900000, 39.487511, 39.535358;
-38.800000, 41.134949, 41.167145;
-38.700000, 41.176503, 41.247882;
-38.600000, 41.023749, 41.076004;
-38.500000, 40.831907, 40.954337;
-38.400000, 40.835227, 40.881222;
-38.300000, 40.487409, 40.586144;
-38.200000, 41.709098, 41.744762;
-38.100000, 41.330535, 41.408114;
-38.000000, 40.882656, 40.953882;
-37.900000, 41.975936, 42.022799;
-37.800000, 41.427057, 41.460350;
-37.700000, 40.818096, 40.867320;
-37.600000, 41.792483, 41.866718;
-37.500000, 40.921890, 40.991974;
-37.400000, 41.764265, 41.825261;
-37.300000, 42.490102, 42.538935;
-37.200000, 41.474913, 41.537737;
-37.100000, 42.106986, 42.166994;
-37.000000, 42.662837, 42.736535;
-36.900000, 42.942572, 42.993897;
-36.800000, 41.768134, 41.864682;
-36.700000, 42.005515, 42.099357;
-36.600000, 42.224451, 42.373542;
-36.500000, 42.480142, 42.558334;
-36.400000, 42.590328, 42.628866;
-36.300000, 42.294108, 42.539077;
-36.200000, 42.366094, 42.437308;
-36.100000, 43.870995, 43.935376;
-36.000000, 43.474872, 43.710148;
-35.900000, 43.448931, 43.522567;
-35.800000, 42.922072, 43.003126;
-35.700000, 44.008748, 44.238452;
-35.600000, 43.515715, 43.790495;
-35.500000, 42.843362, 42.959079;
-35.400000, 43.843109, 43.911941;
-35.300000, 44.526506, 44.721729;
-35.200000, 43.744053, 43.824230;
-35.100000, 44.216400, 44.473846;
-35.000000, 44.826288, 44.969542;
-34.900000, 43.668685, 43.956501;
-34.800000, 44.219867, 44.311524;
-34.700000, 44.396983, 44.655506;
-34.600000, 44.588802, 44.803906;
-34.500000, 44.848669, 44.930605;
-34.400000, 44.669517, 44.886021;
-34.300000, 44.644156, 44.867776;
-34.200000, 44.450847, 44.610405;
-34.100000, 45.750235, 45.809882;
-34.000000, 45.354009, 45.592890;
-33.900000, 45.009960, 45.130528;
-33.800000, 45.908895, 46.157469;
-33.700000, 45.355021, 45.447290;
-33.600000, 46.111400, 46.253550;
-33.500000, 45.230666, 45.448400;
-33.400000, 45.917946, 46.088784;
-33.300000, 46.388717, 46.588267;
-33.200000, 45.142868, 45.374613;
-33.100000, 45.521894, 45.650658;
-33.000000, 45.749788, 45.926153;
-32.900000, 45.770872, 46.049593;
-32.800000, 45.830663, 45.957873;
-32.700000, 45.635021, 45.775197;
-32.600000, 47.011654, 47.257019;
-32.500000, 46.730221, 46.934130;
-32.400000, 46.152511, 46.287097;
-32.300000, 47.231773, 47.406464;
-32.200000, 46.341813, 46.662285;
-32.100000, 47.336734, 47.471950;
-32.000000, 46.132439, 46.296185;
-31.900000, 46.716149, 46.967827;
-31.800000, 47.252799, 47.509399;
-31.700000, 47.474160, 47.609775;
-31.600000, 47.586374, 47.842331;
-31.500000, 47.510984, 47.714531;
-31.400000, 47.426002, 47.593402;
-31.300000, 47.176649, 47.368400;
-31.200000, 48.519095, 48.593489;
-31.100000, 47.857253, 48.189415;
-31.000000, 48.825059, 49.026605;
-30.900000, 48.010188, 48.288848;
-30.800000, 48.759382, 48.874039;
-30.700000, 47.403785, 47.735793;
-30.600000, 47.909804, 48.137464;
-30.500000, 48.097242, 48.492710;
-30.400000, 48.313127, 48.587909;
-30.300000, 48.101892, 48.414199;
-30.200000, 49.602014, 49.831960;
-30.100000, 49.229459, 49.523063;
-30.000000, 48.702079, 48.902482;
-29.900000, 49.538141, 49.959306;
-29.800000, 48.729339, 48.979433;
-29.700000, 49.387849, 49.645976;
-29.600000, 49.797248, 50.121491;
-29.500000, 49.993779, 50.364013;
-29.400000, 50.196267, 50.527314;
-29.300000, 50.011994, 50.454263;
-29.200000, 49.822950, 50.309063;
-29.100000, 49.337848, 49.947229;
-29.000000, 50.451764, 51.009785;
-28.900000, 49.698818, 50.244579;
-28.800000, 50.277438, 50.869566;
-28.700000, 49.132200, 49.676591;
-28.600000, 49.599141, 50.045273;
-28.500000, 49.683112, 50.231353;
-28.400000, 49.565928, 50.186944;
-28.300000, 51.000606, 51.616822;
-28.200000, 50.663576, 51.227513;
-28.100000, 50.044759, 50.573137;
-28.000000, 50.808089, 51.488781;
-27.900000, 51.505639, 51.932182;
-27.800000, 50.152890, 50.778288;
-27.700000, 50.310035, 50.923022;
-27.600000, 50.499345, 51.029679;
-27.500000, 51.818833, 52.440187;
-27.400000, 51.461329, 52.078672;
-27.300000, 50.855207, 51.363353;
-27.200000, 51.686962, 52.227612;
-27.100000, 52.183998, 52.726703;
-27.000000, 50.863429, 51.483649;
-26.900000, 51.027854, 51.574111;
-26.800000, 52.595780, 53.098834;
-26.700000, 52.280482, 52.889121;
-26.600000, 51.638596, 52.183012;
-26.500000, 52.413124, 53.123929;
-26.400000, 51.400270, 52.011782;
-26.300000, 51.878357, 52.309630;
-26.200000, 51.902608, 52.620303;
-26.100000, 51.776299, 52.341923;
-26.000000, 53.034223, 53.714625;
-25.900000, 52.354383, 52.997972;
-25.800000, 53.176194, 53.802246;
-25.700000, 53.700390, 54.211720;
-25.600000, 52.162706, 52.860405;
-25.500000, 53.863460, 54.419072;
-25.400000, 53.615062, 54.257815;
-25.300000, 52.775262, 53.468031;
-25.200000, 53.710941, 54.434561;
-25.100000, 54.335528, 54.816555;
-25.000000, 52.904610, 53.432459;
-24.900000, 54.230224, 55.012361;
-24.800000, 53.885542, 54.721010;
-24.700000, 53.329664, 54.134679;
-24.600000, 54.301178, 54.827882;
-24.500000, 54.630295, 55.247450;
-24.400000, 54.518880, 55.392775;
-24.300000, 54.353945, 55.239224;
-24.200000, 54.165779, 54.768740;
-24.100000, 54.781801, 55.663702;
-24.000000, 53.413448, 54.477794;
-23.900000, 53.590189, 54.668544;
-23.800000, 53.770192, 54.564154;
-23.700000, 54.890424, 55.944421;
-23.600000, 53.824236, 55.038931;
-23.500000, 54.260236, 55.666629;
-23.400000, 54.427325, 55.873274;
-23.300000, 54.283649, 55.707795;
-23.200000, 53.827665, 55.153748;
-23.100000, 54.981847, 56.081247;
-23.000000, 54.991003, 56.528567;
-22.900000, 55.038105, 56.623670;
-22.800000, 54.864405, 56.341627;
-22.700000, 54.408250, 55.656528;
-22.600000, 55.011943, 56.437427;
-22.500000, 55.256966, 56.769698;
-22.400000, 55.174319, 56.596402;
-22.300000, 54.576196, 56.043560;
-22.200000, 55.466360, 56.983949;
-22.100000, 55.782387, 57.279807;
-22.000000, 55.676571, 57.308166;
-21.900000, 55.356289, 56.835722;
-21.800000, 56.105923, 57.705365;
-21.700000, 56.472234, 58.099333;
-21.600000, 56.557962, 58.148891;
-21.500000, 56.172465, 57.678333;
-21.400000, 56.985587, 58.375024;
-21.300000, 55.695596, 57.090187;
-21.200000, 57.101233, 58.761856;
-21.100000, 56.625223, 58.367686;
-21.000000, 57.318414, 58.840578;
-20.900000, 55.953725, 57.563510;
-20.800000, 57.401515, 58.967494;
-20.700000, 56.742073, 58.423334;
-20.600000, 57.219651, 58.937245;
-20.500000, 57.331679, 58.997782;
-20.400000, 56.839919, 58.363894;
-20.300000, 57.577333, 59.159570;
-20.200000, 57.781626, 59.366740;
-20.100000, 57.534878, 59.211730;
-20.000000, 56.524571, 58.253232;
-19.900000, 57.121896, 58.753764;
-19.800000, 57.027671, 58.518105;
-19.700000, 57.890185, 59.738455;
-19.600000, 58.397561, 60.035966;
-19.500000, 58.337189, 60.052785;
-19.400000, 57.757017, 59.407764;
-19.300000, 57.940247, 60.019115;
-19.200000, 58.195286, 59.917695;
-19.100000, 57.323077, 59.194091;
-19.000000, 58.161684, 59.801464;
-18.900000, 58.112407, 59.767589;
-18.800000, 58.737915, 60.656604;
-18.700000, 59.331326, 61.179958;
-18.600000, 58.963752, 60.964303;
-18.500000, 57.611982, 60.267474;
-18.400000, 58.402444, 60.506693;
-18.300000, 57.709751, 60.179489;
-18.200000, 58.952684, 60.907265;
-18.100000, 57.905605, 61.032529;
-18.000000, 57.906178, 60.422959;
-17.900000, 58.442941, 60.850247;
-17.800000, 58.290381, 60.821315;
-17.700000, 58.434241, 61.539023;
-17.600000, 58.648494, 61.665865;
-17.500000, 57.648287, 61.255858;
-17.400000, 58.376435, 61.680256;
-17.300000, 58.517869, 61.488861;
-17.200000, 58.473195, 62.131819;
-17.100000, 58.559685, 62.161982;
-17.000000, 58.074976, 61.576260;
-16.900000, 58.206414, 61.842231;
-16.800000, 59.128077, 63.039955;
-16.700000, 58.271228, 61.709258;
