res_1024_2 = [ 
-40.000000, 41.237907, 41.254597;
-39.900000, 41.587255, 41.696449;
-39.800000, 42.758152, 42.775147;
-39.700000, 41.711352, 41.774051;
-39.600000, 42.017557, 42.056556;
-39.500000, 42.136202, 42.152173;
-39.400000, 43.196710, 43.222064;
-39.300000, 41.685627, 41.739910;
-39.200000, 41.676067, 41.760377;
-39.100000, 41.759010, 41.825517;
-39.000000, 42.429743, 42.539033;
-38.900000, 42.073064, 42.138742;
-38.800000, 41.905383, 42.014374;
-38.700000, 43.730104, 43.755728;
-38.600000, 43.302181, 43.349379;
-38.500000, 43.609092, 43.724922;
-38.400000, 42.865594, 42.965355;
-38.300000, 44.268998, 44.308193;
-38.200000, 43.824075, 43.846711;
-38.100000, 42.739164, 42.834241;
-38.000000, 43.924414, 44.081355;
-37.900000, 42.805743, 42.885520;
-37.800000, 44.050312, 44.080783;
-37.700000, 44.854277, 44.891985;
-37.600000, 43.638886, 43.697295;
-37.500000, 44.519134, 44.589301;
-37.400000, 44.167688, 44.242251;
-37.300000, 44.973902, 44.967975;
-37.200000, 45.197170, 45.269194;
-37.100000, 44.895278, 44.899558;
-37.000000, 45.311152, 45.430885;
-36.900000, 45.575928, 45.588693;
-36.800000, 44.839919, 44.874403;
-36.700000, 44.902138, 44.998832;
-36.600000, 44.698627, 44.732767;
-36.500000, 46.163610, 46.219261;
-36.400000, 45.168531, 45.213312;
-36.300000, 44.481830, 44.593752;
-36.200000, 45.409242, 45.483515;
-36.100000, 46.413299, 46.520985;
-36.000000, 45.698258, 45.742112;
-35.900000, 46.262427, 46.324470;
-35.800000, 46.596580, 46.639891;
-35.700000, 44.724183, 44.815760;
-35.600000, 45.003858, 45.085155;
-35.500000, 45.203538, 45.301772;
-35.400000, 45.024466, 45.145724;
-35.300000, 47.168568, 47.239905;
-35.200000, 47.063861, 47.236021;
-35.100000, 46.989021, 47.128536;
-35.000000, 46.342143, 46.436887;
-34.900000, 47.025657, 47.127727;
-34.800000, 46.601290, 46.692287;
-34.700000, 47.109230, 47.191910;
-34.600000, 46.037299, 46.150318;
-34.500000, 47.315421, 47.347676;
-34.400000, 47.542973, 47.623098;
-34.300000, 47.545064, 47.584697;
-34.200000, 48.398874, 48.538719;
-34.100000, 48.177420, 48.226077;
-34.000000, 47.693017, 47.812750;
-33.900000, 47.989539, 48.091118;
-33.800000, 47.426438, 47.523095;
-33.700000, 49.098680, 49.177499;
-33.600000, 48.117319, 48.195562;
-33.500000, 46.819011, 46.912952;
-33.400000, 48.145614, 48.254611;
-33.300000, 48.712481, 48.823182;
-33.200000, 48.443624, 49.033552;
-33.100000, 47.896754, 48.010642;
-33.000000, 47.346473, 47.670274;
-32.900000, 47.675781, 47.861051;
-32.800000, 49.522675, 49.663814;
-32.700000, 49.289837, 49.433574;
-32.600000, 48.327236, 48.509547;
-32.500000, 49.314561, 49.701422;
-32.400000, 48.852227, 48.985590;
-32.300000, 49.566697, 49.744211;
-32.200000, 49.773621, 50.025699;
-32.100000, 49.015563, 49.141967;
-32.000000, 49.179894, 49.365255;
-31.900000, 49.183182, 49.367055;
-31.800000, 50.661549, 50.739386;
-31.700000, 50.184438, 50.370002;
-31.600000, 49.555758, 49.820422;
-31.500000, 50.302682, 50.430830;
-31.400000, 49.459346, 49.700374;
-31.300000, 50.717893, 50.855164;
-31.200000, 50.825127, 51.022666;
-31.100000, 50.895271, 50.953743;
-31.000000, 51.332879, 51.463697;
-30.900000, 51.013723, 51.207241;
-30.800000, 50.246075, 50.434946;
-30.700000, 50.215332, 50.508529;
-30.600000, 50.815935, 50.994390;
-30.500000, 51.558663, 51.870355;
-30.400000, 50.158426, 50.493716;
-30.300000, 50.674073, 51.088881;
-30.200000, 51.085451, 51.388858;
-30.100000, 50.337614, 50.621127;
-30.000000, 51.969966, 52.125641;
-29.900000, 51.722053, 51.926258;
-29.800000, 51.053917, 51.451561;
-29.700000, 52.098410, 52.269437;
-29.600000, 52.534597, 52.726160;
-29.500000, 52.478457, 52.969373;
-29.400000, 52.446753, 53.061999;
-29.300000, 52.180773, 52.662773;
-29.200000, 51.883821, 52.032108;
-29.100000, 52.551696, 52.876622;
-29.000000, 51.577265, 51.897590;
-28.900000, 51.588240, 51.795612;
-28.800000, 52.473141, 52.902256;
-28.700000, 52.230458, 52.606751;
-28.600000, 51.687154, 52.193773;
-28.500000, 53.323597, 53.510493;
-28.400000, 52.037234, 52.405793;
-28.300000, 53.167612, 53.420782;
-28.200000, 53.894723, 54.005047;
-28.100000, 52.903085, 53.535325;
-28.000000, 53.033069, 53.463206;
-27.900000, 53.229791, 53.462685;
-27.800000, 53.892511, 54.133134;
-27.700000, 54.811943, 54.965274;
-27.600000, 52.663249, 53.205935;
-27.500000, 53.034349, 53.311367;
-27.400000, 54.861035, 55.460067;
-27.300000, 54.356857, 54.911345;
-27.200000, 53.481429, 53.924901;
-27.100000, 54.086146, 54.366738;
-27.000000, 54.162262, 54.371158;
-26.900000, 53.844189, 54.625260;
-26.800000, 53.952621, 54.390350;
-26.700000, 54.931249, 55.673448;
-26.600000, 53.806543, 54.137066;
-26.500000, 54.302166, 54.984451;
-26.400000, 53.775206, 54.517500;
-26.300000, 55.038368, 55.835926;
-26.200000, 54.569277, 55.414043;
-26.100000, 55.209738, 56.260134;
-26.000000, 54.531486, 55.146491;
-25.900000, 55.938530, 56.781435;
-25.800000, 55.374477, 56.389693;
-25.700000, 54.641407, 55.521921;
-25.600000, 54.920715, 55.757969;
-25.500000, 55.836907, 56.740869;
-25.400000, 55.317935, 56.458212;
-25.300000, 54.735667, 55.761714;
-25.200000, 55.667872, 56.916635;
-25.100000, 56.526439, 57.530833;
-25.000000, 55.902539, 57.020755;
-24.900000, 56.067413, 57.083391;
-24.800000, 55.610152, 56.782819;
-24.700000, 55.955207, 57.008653;
-24.600000, 56.358873, 57.238752;
-24.500000, 56.005244, 56.998359;
-24.400000, 56.977454, 57.914453;
-24.300000, 56.048423, 57.005912;
-24.200000, 55.774006, 56.710886;
-24.100000, 56.012606, 57.090583;
-24.000000, 56.607927, 57.557090;
-23.900000, 57.232701, 58.464049;
-23.800000, 57.628208, 58.844408;
-23.700000, 56.897061, 57.931715;
-23.600000, 56.314299, 57.472349;
-23.500000, 56.782035, 58.146066;
-23.400000, 56.823290, 58.240740;
-23.300000, 56.625679, 57.552211;
-23.200000, 57.109503, 58.024733;
-23.100000, 57.600682, 58.813219;
-23.000000, 57.063731, 58.363712;
-22.900000, 58.289105, 59.587093;
-22.800000, 56.963519, 58.075932;
-22.700000, 58.558010, 59.724016;
-22.600000, 58.422261, 59.467777;
-22.500000, 59.154369, 60.005465;
-22.400000, 59.135191, 60.159699;
-22.300000, 58.801821, 59.774669;
-22.200000, 59.180197, 60.230929;
-22.100000, 57.442488, 58.581355;
-22.000000, 59.186190, 60.389207;
-21.900000, 58.269547, 59.094327;
-21.800000, 58.495408, 59.616334;
-21.700000, 57.892112, 58.724790;
-21.600000, 58.129779, 59.468043;
-21.500000, 58.614223, 59.893857;
-21.400000, 58.357020, 59.389793;
-21.300000, 58.934244, 60.859550;
-21.200000, 58.801675, 60.709867;
-21.100000, 58.207961, 59.619090;
-21.000000, 59.467159, 60.546785;
-20.900000, 59.231928, 60.617118;
-20.800000, 60.094519, 61.849944;
-20.700000, 58.687402, 59.873478;
-20.600000, 59.956962, 61.967678;
-20.500000, 58.561704, 61.222639;
-20.400000, 59.599279, 60.844195;
-20.300000, 59.939659, 62.279524;
-20.200000, 58.808901, 60.891219;
-20.100000, 59.096281, 60.748897;
-20.000000, 59.452183, 61.669308;
-19.900000, 59.269274, 62.050198;
-19.800000, 58.908681, 61.226747;
-19.700000, 59.159654, 61.407207;
-19.600000, 59.799935, 62.996540;
-19.500000, 58.745616, 61.719042;
-19.400000, 58.863375, 61.858011;
-19.300000, 59.529803, 62.489043;
-19.200000, 60.086623, 62.726274;
-19.100000, 59.094041, 62.089497;
-19.000000, 59.174669, 62.024954;
-18.900000, 60.478922, 63.617259;
-18.800000, 59.901124, 62.910917;
-18.700000, 60.259645, 63.050082;
-18.600000, 60.458580, 63.633878;
-18.500000, 60.183625, 63.032738;
-18.400000, 60.479659, 63.161614;
-18.300000, 60.334741, 63.290777;
-18.200000, 60.356734, 63.240833;
-18.100000, 60.447706, 63.186919;
-18.000000, 60.806385, 63.530588;
-17.900000, 60.368339, 63.147648;
-17.800000, 60.311616, 63.567530;
-17.700000, 60.268096, 63.363769;
-17.600000, 60.238747, 62.853592;
-17.500000, 60.884837, 64.093918;
-17.400000, 61.212309, 63.947326;
-17.300000, 60.497803, 63.292523;
-17.200000, 60.915446, 63.630925;
-17.100000, 61.053144, 63.797883;
-17.000000, 61.226785, 63.837841;
-16.900000, 61.191292, 64.102034;
-16.800000, 61.654043, 64.807859;
-16.700000, 62.450797, 65.587041;
