res_1024_0 = [ 
-40.000000, 41.786685, 41.963084;
-39.900000, 41.904543, 42.123326;
-39.800000, 41.990378, 42.268465;
-39.700000, 42.326745, 42.500368;
-39.600000, 42.223301, 42.529306;
-39.500000, 42.441943, 42.663966;
-39.400000, 42.379332, 42.605962;
-39.300000, 42.698910, 42.919982;
-39.200000, 42.967834, 43.171046;
-39.100000, 42.276345, 42.589639;
-39.000000, 42.687705, 42.874274;
-38.900000, 42.860118, 43.072364;
-38.800000, 43.038580, 43.249515;
-38.700000, 43.099137, 43.315405;
-38.600000, 43.243677, 43.556716;
-38.500000, 43.338182, 43.626248;
-38.400000, 43.555577, 43.768749;
-38.300000, 43.331172, 43.564887;
-38.200000, 43.928535, 44.130567;
-38.100000, 43.735099, 44.000908;
-38.000000, 43.743083, 43.988336;
-37.900000, 44.178584, 44.407263;
-37.800000, 43.554335, 43.822964;
-37.700000, 43.862789, 44.147024;
-37.600000, 44.089990, 44.347555;
-37.500000, 43.864169, 43.996044;
-37.400000, 44.326417, 44.627201;
-37.300000, 44.510455, 44.702659;
-37.200000, 44.409559, 44.659011;
-37.100000, 44.589457, 44.795149;
-37.000000, 44.829917, 45.099831;
-36.900000, 44.842977, 45.043918;
-36.800000, 44.527885, 44.763453;
-36.700000, 45.279640, 45.548731;
-36.600000, 44.724453, 45.451590;
-36.500000, 44.833477, 45.466171;
-36.400000, 44.874337, 45.567660;
-36.300000, 44.873232, 45.700863;
-36.200000, 45.045354, 45.660558;
-36.100000, 45.334513, 46.007512;
-36.000000, 45.221614, 45.855808;
-35.900000, 45.415511, 46.128381;
-35.800000, 45.794557, 46.352257;
-35.700000, 45.649041, 46.274421;
-35.600000, 45.931138, 46.578904;
-35.500000, 45.946495, 46.570248;
-35.400000, 45.878065, 46.515943;
-35.300000, 46.081073, 46.759776;
-35.200000, 46.117031, 46.761055;
-35.100000, 46.283867, 46.947889;
-35.000000, 46.319773, 46.951889;
-34.900000, 46.381782, 47.101091;
-34.800000, 46.772155, 47.448910;
-34.700000, 46.861945, 47.417073;
-34.600000, 46.662852, 47.287555;
-34.500000, 46.812208, 47.562150;
-34.400000, 46.800823, 47.419638;
-34.300000, 47.116020, 47.747040;
-34.200000, 47.072160, 47.695883;
-34.100000, 47.360074, 48.001737;
-34.000000, 47.281726, 47.960998;
-33.900000, 47.496544, 48.178359;
-33.800000, 47.618734, 48.250113;
-33.700000, 47.600482, 48.389017;
-33.600000, 47.974843, 48.697307;
-33.500000, 47.930530, 48.503203;
-33.400000, 47.845096, 48.553887;
-33.300000, 47.911714, 48.695507;
-33.200000, 48.208069, 48.873517;
-33.100000, 47.917904, 48.693760;
-33.000000, 48.392727, 49.152280;
-32.900000, 48.514701, 49.195045;
-32.800000, 48.391860, 49.056805;
-32.700000, 48.231142, 48.969326;
-32.600000, 48.508708, 49.213335;
-32.500000, 48.903957, 49.627740;
-32.400000, 48.979604, 49.672879;
-32.300000, 48.859833, 49.647006;
-32.200000, 49.137988, 49.818259;
-32.100000, 48.922723, 49.578973;
-32.000000, 48.999898, 49.756818;
-31.900000, 49.242452, 49.889564;
-31.800000, 49.563425, 50.290440;
-31.700000, 49.478049, 50.098017;
-31.600000, 49.641175, 50.373733;
-31.500000, 49.808700, 50.406021;
-31.400000, 50.082919, 50.695074;
-31.300000, 49.686031, 50.324981;
-31.200000, 50.214055, 50.821101;
-31.100000, 50.153114, 50.847355;
-31.000000, 50.312162, 50.951682;
-30.900000, 50.323156, 51.180165;
-30.800000, 50.145858, 51.058470;
-30.700000, 50.024083, 50.952684;
-30.600000, 49.437396, 51.183756;
-30.500000, 49.858840, 51.673883;
-30.400000, 49.922290, 51.663987;
-30.300000, 49.889505, 51.783810;
-30.200000, 49.957484, 51.772616;
-30.100000, 49.846948, 51.640523;
-30.000000, 50.105515, 51.736168;
-29.900000, 50.431358, 52.343624;
-29.800000, 50.430286, 52.332071;
-29.700000, 50.316825, 52.176611;
-29.600000, 50.602684, 52.410939;
-29.500000, 50.503298, 52.298389;
-29.400000, 50.919863, 52.712998;
-29.300000, 50.941572, 52.648441;
-29.200000, 50.635920, 52.486687;
-29.100000, 50.912013, 52.769744;
-29.000000, 51.394324, 53.252960;
-28.900000, 51.033257, 52.827117;
-28.800000, 51.329855, 53.024786;
-28.700000, 50.966084, 52.754617;
-28.600000, 51.381936, 53.302419;
-28.500000, 51.464098, 53.339745;
-28.400000, 51.689128, 53.582875;
-28.300000, 51.621353, 53.437802;
-28.200000, 51.911351, 53.591616;
-28.100000, 51.942781, 53.798832;
-28.000000, 52.081769, 54.048906;
-27.900000, 52.192211, 54.065178;
-27.800000, 52.268705, 54.185112;
-27.700000, 52.212578, 54.033848;
-27.600000, 52.095472, 54.088865;
-27.500000, 52.395099, 54.075973;
-27.400000, 52.629500, 54.326257;
-27.300000, 52.456643, 54.338215;
-27.200000, 52.813132, 54.883918;
-27.100000, 53.134268, 55.147042;
-27.000000, 52.853035, 54.796851;
-26.900000, 52.925613, 54.745360;
-26.800000, 53.308978, 55.160081;
-26.700000, 53.368868, 55.277025;
-26.600000, 53.345340, 55.100183;
-26.500000, 53.413259, 55.233815;
-26.400000, 53.614122, 55.449045;
-26.300000, 53.898583, 55.819251;
-26.200000, 53.964944, 55.853101;
-26.100000, 53.929302, 55.557016;
-26.000000, 53.818728, 55.701091;
-25.900000, 53.893300, 55.838856;
-25.800000, 54.127193, 56.084132;
-25.700000, 54.046525, 55.792938;
-25.600000, 54.361450, 56.080738;
-25.500000, 54.791630, 56.631363;
-25.400000, 54.671527, 56.664089;
-25.300000, 54.540791, 56.492250;
-25.200000, 54.677124, 56.651944;
-25.100000, 55.240707, 57.214424;
-25.000000, 55.112905, 56.930540;
-24.900000, 55.110314, 57.037800;
-24.800000, 54.714521, 57.317460;
-24.700000, 54.807035, 57.277139;
-24.600000, 53.215249, 57.357345;
-24.500000, 53.375267, 57.530527;
-24.400000, 53.127251, 57.262218;
-24.300000, 53.465519, 57.624852;
-24.200000, 51.113500, -0.109852;
-24.100000, 39.795746, -0.009078;
-24.000000, 34.770006, 0.079677;
-23.900000, 31.618798, 0.180057;
-23.800000, 29.331628, 0.279725;
-23.700000, 27.540185, 0.383237;
-23.600000, 26.070274, 0.480271;
-23.500000, 24.826812, 0.583996;
-23.400000, 23.750778, 0.683546;
-23.300000, 22.803659, 0.798034;
-23.200000, 21.959001, 0.895152;
-23.100000, 21.197784, 0.980151;
-23.000000, 20.505450, 1.080564;
-22.900000, 19.871321, 1.179965;
-22.800000, 19.286900, 1.279838;
-22.700000, 18.745431, 1.382249;
-22.600000, 18.241398, 1.481400;
-22.500000, 17.770277, 1.582971;
-22.400000, 17.328420, 1.680414;
-22.300000, 16.912621, 1.780045;
-22.200000, 16.520284, 1.880417;
-22.100000, 16.149075, 1.979410;
-22.000000, 15.797091, 2.090618;
-21.900000, 15.462644, 2.186040;
-21.800000, 15.144181, 2.285120;
-21.700000, 14.840461, 2.389142;
-21.600000, 14.550289, 2.485304;
-21.500000, 14.272660, 2.585091;
-21.400000, 14.006662, 2.682723;
-21.300000, 13.751485, 2.779211;
-21.200000, 13.506398, 2.894915;
-21.100000, 13.270715, 2.987990;
-21.000000, 13.043855, 3.084659;
-20.900000, 12.825264, 3.187373;
-20.800000, 12.614458, 3.283568;
-20.700000, 12.410652, 1.151416;
-20.600000, 12.210293, 0.476443;
-20.500000, 12.012750, 0.574706;
-20.400000, 11.818279, 0.670315;
-20.300000, 11.627098, 0.774423;
-20.200000, 11.439345, 0.869523;
-20.100000, 11.255137, 0.970200;
-20.000000, 11.074541, 1.071227;
-19.900000, 10.897603, 1.171838;
-19.800000, 10.724329, 1.270232;
-19.700000, 10.554724, 1.369929;
-19.600000, 10.388753, 1.472220;
-19.500000, 10.226396, 1.582352;
-19.400000, 10.067598, 1.674180;
-19.300000, 9.912306, 1.769353;
-19.200000, 9.760461, 1.870187;
-19.100000, 9.611992, 1.969752;
-19.000000, 9.466832, 2.072564;
-18.900000, 9.324907, 2.169777;
-18.800000, 9.186131, 2.273523;
-18.700000, 9.050453, 2.380588;
-18.600000, 8.917741, 2.476768;
-18.500000, 8.788009, 2.585268;
-18.400000, 8.661134, 2.671814;
-18.300000, 8.537039, 2.776498;
-18.200000, 8.415658, 2.889569;
-18.100000, 8.296911, 2.969828;
-18.000000, 8.180730, 3.074622;
-17.900000, 8.067050, 3.172397;
-17.800000, 7.955797, 3.270440;
-17.700000, 7.846909, 3.371022;
-17.600000, 7.740318, 3.469798;
-17.500000, 7.635965, 3.580441;
-17.400000, 7.533787, 3.685452;
-17.300000, 7.433726, 3.771268;
-17.200000, 7.335726, 3.868741;
-17.100000, 7.239730, 3.971884;
-17.000000, 7.145685, 4.071627;
-16.900000, 7.053539, 4.169547;
-16.800000, 6.963241, 4.274249;
-16.700000, 6.874741, 4.370225;
-16.600000, 6.787994, 4.482494;
-16.500000, 6.702952, 4.570596;
-16.400000, 6.619573, 4.676165;
-16.300000, 6.537812, 4.768784;
