res_64_0 = [ 
-40.000000, 41.287968, 41.361459;
-39.900000, 41.774760, 41.864940;
-39.800000, 41.937559, 41.798286;
-39.700000, 42.233904, 42.233904;
-39.600000, 41.874142, 42.015947;
-39.500000, 42.463486, 42.491757;
-39.400000, 41.970273, 42.340930;
-39.300000, 42.377120, 42.353929;
-39.200000, 43.138524, 43.180179;
-39.100000, 42.120575, 42.199009;
-39.000000, 42.319569, 42.319569;
-38.900000, 42.511893, 42.511893;
-38.800000, 43.186962, 43.199429;
-38.700000, 42.970907, 42.970907;
-38.600000, 43.536447, 43.536447;
-38.500000, 42.456925, 42.456925;
-38.400000, 43.466179, 43.526375;
-38.300000, 43.229196, 43.286076;
-38.200000, 43.897133, 43.953244;
-38.100000, 43.683444, 43.615049;
-38.000000, 43.921017, 43.921017;
-37.900000, 44.166764, 44.166764;
-37.800000, 43.872782, 43.872782;
-37.700000, 43.832560, 44.000533;
-37.600000, 44.250409, 44.250409;
-37.500000, 43.301678, 43.446930;
-37.400000, 44.521493, 44.591717;
-37.300000, 44.758896, 44.802592;
-37.200000, 44.932659, 44.932659;
-37.100000, 45.387554, 45.278897;
-37.000000, 44.446395, 44.446395;
-36.900000, 44.841077, 44.841077;
-36.800000, 44.566079, 44.468510;
-36.700000, 44.974224, 44.980745;
-36.600000, 45.158656, 45.179567;
-36.500000, 44.926890, 44.889887;
-36.400000, 45.102462, 45.036407;
-36.300000, 44.851585, 44.892307;
-36.200000, 45.121810, 45.394776;
-36.100000, 46.039617, 46.160700;
-36.000000, 45.846703, 45.834940;
-35.900000, 46.141441, 46.141441;
-35.800000, 46.181953, 46.183742;
-35.700000, 45.966359, 46.022049;
-35.600000, 46.471444, 46.674794;
-35.500000, 45.892589, 45.955459;
-35.400000, 45.983937, 45.983937;
-35.300000, 46.317992, 46.230048;
-35.200000, 46.362384, 46.482452;
-35.100000, 46.393992, 46.383864;
-35.000000, 46.930293, 46.950443;
-34.900000, 47.045010, 47.109324;
-34.800000, 47.077419, 47.142708;
-34.700000, 47.363623, 47.229303;
-34.600000, 47.238278, 47.267914;
-34.500000, 47.154932, 47.129751;
-34.400000, 47.235789, 47.313380;
-34.300000, 47.539726, 47.589578;
-34.200000, 47.347057, 47.431206;
-34.100000, 47.577256, 47.643220;
-34.000000, 47.513509, 47.620090;
-33.900000, 47.725423, 47.787979;
-33.800000, 48.172978, 48.148956;
-33.700000, 48.018018, 48.039042;
-33.600000, 48.564020, 48.720287;
-33.500000, 48.269007, 48.304127;
-33.400000, 48.211157, 48.172961;
-33.300000, 48.312169, 48.367630;
-33.200000, 48.301525, 48.314438;
-33.100000, 47.917842, 47.887119;
-33.000000, 48.703463, 48.786110;
-32.900000, 49.227293, 49.227293;
-32.800000, 48.907008, 48.897698;
-32.700000, 48.596862, 48.596862;
-32.600000, 48.861555, 48.986126;
-32.500000, 48.971747, 48.971747;
-32.400000, 49.555423, 49.662812;
-32.300000, 49.111236, 49.111236;
-32.200000, 49.389514, 49.428815;
-32.100000, 49.228035, 49.331303;
-32.000000, 49.354062, 49.393478;
-31.900000, 49.940931, 49.884707;
-31.800000, 50.344122, 50.453159;
-31.700000, 49.803528, 49.937110;
-31.600000, 50.045147, 50.095675;
-31.500000, 50.293266, 50.332802;
-31.400000, 50.836948, 50.910198;
-31.300000, 49.845237, 49.949821;
-31.200000, 50.654017, 50.786784;
-31.100000, 51.050091, 50.884891;
-31.000000, 50.942074, 50.925894;
-30.900000, 50.907432, 51.144298;
-30.800000, 50.626785, 50.690172;
-30.700000, 50.563873, 50.582744;
-30.600000, 51.162529, 51.269865;
-30.500000, 51.368550, 51.258646;
-30.400000, 51.719596, 51.513879;
-30.300000, 51.430816, 51.411098;
-30.200000, 51.619812, 51.831834;
-30.100000, 51.410668, 51.415560;
-30.000000, 51.296824, 51.433523;
-29.900000, 51.613836, 51.583434;
-29.800000, 52.547948, 52.547948;
-29.700000, 52.127738, 52.005931;
-29.600000, 52.638242, 52.865655;
-29.500000, 51.950236, 51.950236;
-29.400000, 52.220818, 52.321875;
-29.300000, 52.406293, 52.537886;
-29.200000, 52.175130, 52.343729;
-29.100000, 52.365004, 52.356688;
-29.000000, 53.200396, 53.165453;
-28.900000, 52.938736, 53.253965;
-28.800000, 52.881435, 52.724692;
-28.700000, 52.508348, 52.623790;
-28.600000, 53.035374, 53.116954;
-28.500000, 53.282193, 53.326852;
-28.400000, 53.299309, 53.146831;
-28.300000, 53.310236, 53.495828;
-28.200000, 53.333747, 53.406682;
-28.100000, 53.345871, 53.587277;
-28.000000, 53.855271, 53.994525;
-27.900000, 53.595126, 53.772966;
-27.800000, 54.066618, 53.911374;
-27.700000, 53.890979, 54.058947;
-27.600000, 53.653827, 53.730857;
-27.500000, 54.246795, 54.240840;
-27.400000, 53.850595, 54.252177;
-27.300000, 54.190249, 54.459779;
-27.200000, 54.459373, 54.408040;
-27.100000, 54.392571, 54.729622;
-27.000000, 54.271817, 54.318427;
-26.900000, 54.497951, 54.438555;
-26.800000, 55.246814, 55.359485;
-26.700000, 55.094624, 55.061469;
-26.600000, 54.730699, 54.947177;
-26.500000, 54.696346, 54.966213;
-26.400000, 55.109764, 55.219304;
-26.300000, 55.549204, 55.737982;
-26.200000, 55.610217, 55.737019;
-26.100000, 55.013576, 55.013576;
-26.000000, 55.610631, 55.672930;
-25.900000, 55.281697, 55.257037;
-25.800000, 55.243163, 55.291181;
-25.700000, 55.953506, 55.955005;
-25.600000, 55.651845, 55.967756;
-25.500000, 57.095459, 56.883482;
-25.400000, 56.490460, 56.507930;
-25.300000, 56.337189, 56.328775;
-25.200000, 56.584239, 56.624246;
-25.100000, 56.958751, 57.074819;
-25.000000, 56.516469, 56.586037;
-24.900000, 57.993391, 57.981995;
-24.800000, 57.346168, 57.501524;
-24.700000, 57.028762, 57.012350;
-24.600000, 57.352750, 57.348011;
-24.500000, 57.381945, 57.511832;
-24.400000, 56.613013, 57.186120;
-24.300000, 57.377032, 57.554907;
-24.200000, 57.053664, 57.451607;
-24.100000, 57.836656, 57.648955;
-24.000000, 57.119948, 57.756248;
-23.900000, 56.909019, 57.084622;
-23.800000, 57.296926, 57.548629;
-23.700000, 57.746549, 57.730754;
-23.600000, 57.619127, 57.658616;
-23.500000, 58.558317, 58.600072;
-23.400000, 58.158014, 58.104404;
-23.300000, 58.330089, 58.315093;
-23.200000, 58.054525, 58.184275;
-23.100000, 58.423173, 58.454096;
-23.000000, 58.853881, 58.785287;
-22.900000, 58.796798, 59.088409;
-22.800000, 58.932321, 59.242942;
-22.700000, 59.032421, 59.014325;
-22.600000, 59.139961, 59.046546;
-22.500000, 59.103843, 59.390391;
-22.400000, 58.851837, 59.382441;
-22.300000, 58.522815, 58.752002;
-22.200000, 60.028869, 60.011931;
-22.100000, 59.527567, 59.633872;
-22.000000, 59.244916, 59.405139;
-21.900000, 60.047158, 60.186269;
-21.800000, 59.844364, 60.199781;
-21.700000, 59.760636, 59.857095;
-21.600000, 60.444856, 60.626397;
-21.500000, 60.089737, 60.222940;
-21.400000, 59.818752, 59.879811;
-21.300000, 59.767219, 59.967732;
-21.200000, 60.874226, 61.279931;
-21.100000, 60.634980, 60.907828;
-21.000000, 60.952844, 61.008847;
-20.900000, 60.259760, 60.453202;
-20.800000, 61.030541, 61.375133;
-20.700000, 60.968496, 61.430469;
-20.600000, 60.882281, 61.410293;
-20.500000, 60.941458, 60.928534;
-20.400000, 61.657309, 61.756046;
-20.300000, 61.102831, 61.731913;
-20.200000, 61.625409, 61.738624;
-20.100000, 61.194309, 61.426799;
-20.000000, 61.150664, 61.379393;
-19.900000, 61.378371, 61.532739;
-19.800000, 61.455499, 61.598713;
-19.700000, 61.730298, 62.043069;
-19.600000, 61.642770, 62.139076;
-19.500000, 61.809454, 62.137426;
-19.400000, 62.550289, 62.679275;
-19.300000, 62.375278, 62.584903;
-19.200000, 62.430949, 62.508146;
-19.100000, 62.092971, 62.380870;
-19.000000, 61.967891, 63.274695;
-18.900000, 61.928860, 62.587635;
-18.800000, 62.217436, 63.311459;
-18.700000, 62.131360, 62.927182;
-18.600000, 61.717804, 63.101427;
-18.500000, 62.317340, 63.472745;
-18.400000, 62.112699, 63.263067;
-18.300000, 61.831236, 63.327902;
-18.200000, 62.929894, 64.136349;
-18.100000, 62.863126, 63.463034;
-18.000000, 62.514611, 63.419166;
-17.900000, 62.765103, 64.147084;
-17.800000, 62.437040, 63.478834;
-17.700000, 62.708901, 63.792545;
-17.600000, 63.008699, 64.319653;
-17.500000, 63.177646, 64.234876;
-17.400000, 63.590447, 64.493704;
-17.300000, 63.216132, 64.732952;
-17.200000, 62.778667, 64.141965;
-17.100000, 63.101246, 64.071348;
-17.000000, 63.562234, 64.953795;
-16.900000, 64.053528, 64.397808;
-16.800000, 63.533496, 64.713493;
-16.700000, 63.719953, 64.864213;
