res_64_1 = [ 
-40.000000, 38.832128, 38.858726;
-39.900000, 40.008576, 40.299007;
-39.800000, 40.036144, 40.036144;
-39.700000, 38.971160, 38.971160;
-39.600000, 41.114935, 41.114935;
-39.500000, 39.935755, 39.935755;
-39.400000, 40.869805, 40.820022;
-39.300000, 40.992293, 41.237484;
-39.200000, 41.853223, 41.899770;
-39.100000, 39.550223, 39.539690;
-39.000000, 40.131330, 40.131330;
-38.900000, 40.741976, 40.857789;
-38.800000, 40.995333, 40.995333;
-38.700000, 41.979524, 42.141405;
-38.600000, 41.565230, 41.565230;
-38.500000, 41.202141, 41.277925;
-38.400000, 41.695887, 41.800062;
-38.300000, 40.873763, 40.889383;
-38.200000, 42.202485, 42.202485;
-38.100000, 42.201564, 42.266613;
-38.000000, 40.733253, 40.733253;
-37.900000, 42.025870, 42.025870;
-37.800000, 42.097600, 42.097600;
-37.700000, 40.844373, 40.830883;
-37.600000, 42.167610, 42.190570;
-37.500000, 42.423733, 42.423733;
-37.400000, 41.447657, 41.497298;
-37.300000, 41.964172, 41.964172;
-37.200000, 41.693614, 41.748972;
-37.100000, 41.635741, 41.635741;
-37.000000, 43.241253, 43.241253;
-36.900000, 43.298936, 43.336445;
-36.800000, 42.498531, 42.498531;
-36.700000, 42.783861, 42.733816;
-36.600000, 42.351461, 42.424578;
-36.500000, 42.600191, 42.600191;
-36.400000, 42.742261, 43.011062;
-36.300000, 43.446091, 43.446091;
-36.200000, 43.152499, 43.152499;
-36.100000, 44.700275, 44.674637;
-36.000000, 44.469137, 44.680400;
-35.900000, 43.760204, 43.760204;
-35.800000, 43.016508, 43.182586;
-35.700000, 44.311358, 44.311358;
-35.600000, 43.680149, 43.680149;
-35.500000, 42.991397, 43.103348;
-35.400000, 44.468105, 44.468105;
-35.300000, 44.558018, 44.604742;
-35.200000, 44.380023, 44.380023;
-35.100000, 45.175793, 45.506871;
-35.000000, 45.232130, 45.223067;
-34.900000, 43.915811, 44.177450;
-34.800000, 44.935926, 44.935926;
-34.700000, 45.769362, 45.977501;
-34.600000, 44.520957, 44.520957;
-34.500000, 45.041426, 45.250380;
-34.400000, 44.438916, 44.552184;
-34.300000, 45.460226, 45.386236;
-34.200000, 44.825734, 44.825734;
-34.100000, 46.666664, 46.814960;
-34.000000, 45.804899, 45.848799;
-33.900000, 45.767521, 45.767521;
-33.800000, 47.258475, 47.173548;
-33.700000, 46.461633, 46.461633;
-33.600000, 46.805304, 46.805304;
-33.500000, 46.733691, 46.686561;
-33.400000, 47.094341, 47.122987;
-33.300000, 46.903564, 46.903564;
-33.200000, 45.834174, 45.834174;
-33.100000, 45.540323, 45.806101;
-33.000000, 46.281019, 46.281019;
-32.900000, 46.009983, 46.063636;
-32.800000, 47.457671, 47.457671;
-32.700000, 46.084917, 46.287617;
-32.600000, 47.124703, 47.195710;
-32.500000, 47.077597, 47.238213;
-32.400000, 48.045403, 48.045403;
-32.300000, 47.802479, 47.802479;
-32.200000, 46.864639, 46.864639;
-32.100000, 47.958821, 47.927097;
-32.000000, 46.582250, 46.656305;
-31.900000, 47.410216, 47.410216;
-31.800000, 48.043959, 48.043959;
-31.700000, 48.504061, 48.441258;
-31.600000, 48.750154, 48.750154;
-31.500000, 48.721704, 48.721704;
-31.400000, 47.964260, 48.158052;
-31.300000, 47.048032, 47.222887;
-31.200000, 49.387104, 49.475306;
-31.100000, 48.069103, 48.069103;
-31.000000, 49.557804, 49.557804;
-30.900000, 48.813837, 48.813837;
-30.800000, 48.819099, 49.017130;
-30.700000, 48.484633, 48.623666;
-30.600000, 48.845113, 48.990990;
-30.500000, 49.160132, 49.042800;
-30.400000, 49.295367, 49.295367;
-30.300000, 47.545177, 47.711862;
-30.200000, 50.202883, 50.202883;
-30.100000, 50.371874, 50.560404;
-30.000000, 49.417600, 49.417600;
-29.900000, 49.672062, 49.812445;
-29.800000, 50.085841, 50.085841;
-29.700000, 49.893812, 49.893812;
-29.600000, 50.178133, 50.223483;
-29.500000, 51.378303, 51.259958;
-29.400000, 51.731325, 51.859330;
-29.300000, 51.090972, 51.090972;
-29.200000, 50.612999, 50.612999;
-29.100000, 50.667596, 50.710883;
-29.000000, 51.290894, 51.290894;
-28.900000, 50.052904, 50.354215;
-28.800000, 51.333527, 51.427491;
-28.700000, 49.912086, 49.912086;
-28.600000, 49.422072, 49.481367;
-28.500000, 50.357249, 50.408202;
-28.400000, 50.505325, 50.517765;
-28.300000, 52.261136, 52.469917;
-28.200000, 51.248610, 51.482198;
-28.100000, 51.993834, 51.993834;
-28.000000, 51.876920, 51.876920;
-27.900000, 52.615487, 52.827283;
-27.800000, 52.018162, 52.018162;
-27.700000, 51.693210, 52.246523;
-27.600000, 51.435542, 51.476568;
-27.500000, 52.824172, 52.824172;
-27.400000, 52.247646, 52.419419;
-27.300000, 51.894468, 52.066915;
-27.200000, 52.797370, 53.207230;
-27.100000, 52.684549, 52.636699;
-27.000000, 51.475045, 51.341342;
-26.900000, 51.531584, 51.531584;
-26.800000, 53.568304, 53.537330;
-26.700000, 53.550106, 53.892344;
-26.600000, 53.035810, 53.205986;
-26.500000, 53.061740, 53.017568;
-26.400000, 51.588964, 51.575202;
-26.300000, 52.930319, 52.956494;
-26.200000, 53.159296, 53.332700;
-26.100000, 52.849776, 52.932408;
-26.000000, 55.198880, 55.150841;
-25.900000, 53.701849, 53.703199;
-25.800000, 53.705324, 54.047095;
-25.700000, 55.157567, 55.157567;
-25.600000, 53.143156, 53.069916;
-25.500000, 54.690255, 55.137268;
-25.400000, 54.463537, 54.428138;
-25.300000, 54.070740, 54.360395;
-25.200000, 55.328546, 55.305279;
-25.100000, 54.761922, 54.960709;
-25.000000, 53.557774, 53.649058;
-24.900000, 55.753734, 55.753734;
-24.800000, 55.722445, 55.682007;
-24.700000, 55.090540, 55.090540;
-24.600000, 54.952055, 54.989932;
-24.500000, 55.153103, 55.301180;
-24.400000, 55.390772, 55.262177;
-24.300000, 55.965942, 56.003851;
-24.200000, 54.646815, 54.726044;
-24.100000, 55.872682, 55.984233;
-24.000000, 55.659874, 55.790979;
-23.900000, 55.564785, 55.727959;
-23.800000, 54.720594, 55.093274;
-23.700000, 55.862679, 55.936705;
-23.600000, 55.366357, 56.059193;
-23.500000, 56.039710, 56.506474;
-23.400000, 56.862040, 56.826688;
-23.300000, 56.064725, 57.021940;
-23.200000, 55.795407, 55.756294;
-23.100000, 56.557873, 56.656048;
-23.000000, 56.758944, 56.758944;
-22.900000, 57.139400, 57.277547;
-22.800000, 57.259901, 57.352998;
-22.700000, 56.525477, 56.535323;
-22.600000, 57.578353, 57.566820;
-22.500000, 57.541900, 58.170464;
-22.400000, 57.206910, 57.450502;
-22.300000, 56.193701, 56.176473;
-22.200000, 56.955389, 57.032319;
-22.100000, 57.200866, 57.748855;
-22.000000, 57.530610, 57.900840;
-21.900000, 56.512652, 56.604251;
-21.800000, 57.919637, 57.919637;
-21.700000, 58.073835, 58.082482;
-21.600000, 58.812603, 58.925300;
-21.500000, 57.902558, 58.526292;
-21.400000, 59.367528, 59.367528;
-21.300000, 57.185469, 57.378526;
-21.200000, 59.042373, 59.154646;
-21.100000, 59.253073, 59.229920;
-21.000000, 59.795048, 59.767697;
-20.900000, 57.568997, 58.263826;
-20.800000, 58.800363, 58.945704;
-20.700000, 59.276232, 59.345038;
-20.600000, 59.469664, 59.469664;
-20.500000, 59.181586, 59.122853;
-20.400000, 58.899911, 58.896148;
-20.300000, 59.097539, 59.193427;
-20.200000, 59.591059, 59.671349;
-20.100000, 59.703443, 59.882327;
-20.000000, 58.269324, 58.452331;
-19.900000, 60.083355, 60.083355;
-19.800000, 57.913742, 58.764727;
-19.700000, 60.510250, 60.500423;
-19.600000, 60.282700, 60.219070;
-19.500000, 60.469637, 60.566675;
-19.400000, 59.960912, 60.112994;
-19.300000, 60.138278, 60.380735;
-19.200000, 60.463411, 60.633136;
-19.100000, 60.700828, 60.669434;
-19.000000, 59.461734, 59.986138;
-18.900000, 60.467986, 60.471376;
-18.800000, 61.296368, 61.244800;
-18.700000, 61.241347, 61.515972;
-18.600000, 61.261262, 61.512271;
-18.500000, 60.516782, 61.041803;
-18.400000, 60.407221, 60.671224;
-18.300000, 60.166145, 60.320911;
-18.200000, 61.627740, 61.757699;
-18.100000, 61.378717, 61.825825;
-18.000000, 60.445687, 60.631047;
-17.900000, 61.646446, 61.776741;
-17.800000, 61.166769, 61.370227;
-17.700000, 61.498410, 61.746367;
-17.600000, 61.549768, 61.578369;
-17.500000, 60.927265, 61.466876;
-17.400000, 62.959737, 63.250270;
-17.300000, 61.207364, 61.792080;
-17.200000, 62.146656, 62.545622;
-17.100000, 62.592014, 62.663507;
-17.000000, 61.892477, 62.254159;
-16.900000, 62.242219, 62.652286;
-16.800000, 62.362437, 63.026343;
-16.700000, 61.527663, 62.036314;
