res_4096_0 = [ 
-40.000000, 41.606123, 42.386174;
-39.900000, 41.666857, 42.439889;
-39.800000, 41.868641, 42.576728;
-39.700000, 42.054803, 42.835733;
-39.600000, 41.898729, 42.749967;
-39.500000, 42.140705, 43.045403;
-39.400000, 42.201502, 43.180220;
-39.300000, 42.624498, 43.617563;
-39.200000, 42.894531, 43.795406;
-39.100000, 42.313335, 43.185805;
-39.000000, 42.620937, 43.394918;
-38.900000, 42.782382, 43.555460;
-38.800000, 43.108865, 43.888230;
-38.700000, 43.271558, 43.962215;
-38.600000, 43.239448, 43.939668;
-38.500000, 43.153851, 43.854231;
-38.400000, 43.300638, 43.969558;
-38.300000, 43.211148, 43.997457;
-38.200000, 43.710319, 44.622576;
-38.100000, 43.623183, 44.568641;
-38.000000, 43.562237, 44.464208;
-37.900000, 43.960706, 44.875783;
-37.800000, 43.665251, 44.412709;
-37.700000, 43.963201, 44.716256;
-37.600000, 44.114423, 44.799665;
-37.500000, 43.742907, 44.428737;
-37.400000, 44.357711, 45.020454;
-37.300000, 44.361388, 45.074573;
-37.200000, 44.303889, 45.074978;
-37.100000, 44.375055, 45.272656;
-37.000000, 44.594283, 45.607311;
-36.900000, 44.621457, 45.717416;
-36.800000, 44.442685, 45.367528;
-36.700000, 44.888643, 46.064791;
-36.600000, 44.047261, 45.878102;
-36.500000, 44.083674, 45.895537;
-36.400000, 44.317872, 46.026781;
-36.300000, 44.200701, 45.906116;
-36.200000, 44.298730, 45.979535;
-36.100000, 44.684152, 46.608224;
-36.000000, 44.620526, 46.519350;
-35.900000, 44.788880, 46.676566;
-35.800000, 44.995739, 47.013399;
-35.700000, 44.965650, 46.810730;
-35.600000, 45.180308, 47.002476;
-35.500000, 45.085538, 46.939432;
-35.400000, 45.155398, 46.851150;
-35.300000, 45.348251, 47.044685;
-35.200000, 45.350224, 47.122324;
-35.100000, 45.569820, 47.444580;
-35.000000, 45.604155, 47.544348;
-34.900000, 45.772073, 47.624411;
-34.800000, 45.977368, 47.801046;
-34.700000, 46.114522, 47.933935;
-34.600000, 46.029489, 47.829096;
-34.500000, 46.083905, 47.776509;
-34.400000, 46.087067, 47.819735;
-34.300000, 46.420018, 48.417329;
-34.200000, 46.306611, 48.207470;
-34.100000, 46.588051, 48.625354;
-34.000000, 46.647766, 48.541583;
-33.900000, 46.761929, 48.659362;
-33.800000, 46.885500, 48.713471;
-33.700000, 46.882921, 48.687435;
-33.600000, 47.236131, 49.159663;
-33.500000, 47.157228, 49.119713;
-33.400000, 47.220406, 49.152781;
-33.300000, 47.223876, 49.049478;
-33.200000, 47.488387, 49.287667;
-33.100000, 47.311947, 48.981579;
-33.000000, 47.655450, 49.475941;
-32.900000, 47.854712, 49.747404;
-32.800000, 47.683170, 49.622958;
-32.700000, 47.670446, 49.457395;
-32.600000, 47.821819, 49.642249;
-32.500000, 48.099777, 49.930294;
-32.400000, 48.228581, 50.024030;
-32.300000, 48.213742, 50.133544;
-32.200000, 48.433495, 50.433327;
-32.100000, 48.229742, 50.163046;
-32.000000, 48.321718, 50.196448;
-31.900000, 48.508190, 50.367534;
-31.800000, 48.833601, 50.612047;
-31.700000, 48.763547, 50.595362;
-31.600000, 48.971323, 50.913991;
-31.500000, 49.020707, 50.925332;
-31.400000, 49.333168, 51.256158;
-31.300000, 48.979362, 50.738219;
-31.200000, 49.327847, 51.288665;
-31.100000, 49.382398, 51.300463;
-31.000000, 49.545610, 51.527979;
-30.900000, 49.512291, 51.601052;
-30.800000, 49.415632, 51.512895;
-30.700000, 49.184021, 51.333884;
-30.600000, 48.191746, 51.892161;
-30.500000, 47.899590, 52.147645;
-30.400000, 47.959191, 52.207952;
-30.300000, 47.966208, 52.147365;
-30.200000, 43.886499, -0.076139;
-30.100000, 37.205355, 0.002619;
-30.000000, 33.283771, 0.122737;
-29.900000, 30.584940, 0.210090;
-29.800000, 28.538743, 0.302460;
-29.700000, 26.897571, 0.419606;
-29.600000, 25.531593, 0.506527;
-29.500000, 24.362277, 0.602335;
-29.400000, 23.343110, 0.714558;
-29.300000, 22.440427, 0.818208;
-29.200000, 21.631300, 0.928031;
-29.100000, 20.899514, 1.012054;
-29.000000, 20.231988, 1.106499;
-28.900000, 19.618552, 1.225710;
-28.800000, 19.052161, 1.348822;
-28.700000, 18.526105, 1.410928;
-28.600000, 18.035807, 1.504230;
-28.500000, 17.576753, 1.614377;
-28.400000, 17.145676, 1.722737;
-28.300000, 16.739463, 1.826166;
-28.200000, 16.355784, 1.906609;
-28.100000, 15.992423, 2.026589;
-28.000000, 15.647589, 2.111344;
-27.900000, 15.319634, 2.226257;
-27.800000, 15.007165, 2.301897;
-27.700000, 14.708915, 2.416983;
-27.600000, 14.423794, 2.527131;
-27.500000, 14.150891, 2.611563;
-27.400000, 13.889277, 2.701684;
-27.300000, 13.638143, 2.827694;
-27.200000, 13.396859, 2.932270;
-27.100000, 13.164732, 3.002195;
-27.000000, 12.941163, 3.115744;
-26.900000, 12.725706, 3.202521;
-26.800000, 12.517849, 3.312415;
-26.700000, 12.316929, 0.430139;
-26.600000, 12.119562, 0.492451;
-26.500000, 11.924927, 0.598236;
-26.400000, 11.733292, 0.719199;
-26.300000, 11.544848, 0.808105;
-26.200000, 11.359732, 0.893465;
-26.100000, 11.178059, 1.021474;
-26.000000, 10.999912, 1.119133;
-25.900000, 10.825319, 1.193543;
-25.800000, 10.654306, 1.351639;
-25.700000, 10.486857, 1.394785;
-25.600000, 10.322972, 1.491289;
-25.500000, 10.162610, 1.608426;
-25.400000, 10.005716, 1.694126;
-25.300000, 9.852248, 1.799129;
-25.200000, 9.702156, 1.901671;
-25.100000, 9.555379, 2.000911;
-25.000000, 9.411828, 2.093047;
-24.900000, 9.271447, 2.207800;
-24.800000, 9.134156, 2.293687;
-24.700000, 8.999898, 2.463016;
-24.600000, 8.868530, 2.491434;
-24.500000, 8.740007, 2.596721;
-24.400000, 8.614393, 2.695402;
-24.300000, 8.491521, 2.804282;
-24.200000, 8.371313, 2.907837;
-24.100000, 8.253700, 3.008132;
-24.000000, 8.138597, 3.091272;
-23.900000, 8.025959, 3.218177;
-23.800000, 7.915714, 3.291054;
-23.700000, 7.807792, 3.414453;
-23.600000, 7.702135, 3.491985;
-23.500000, 7.598684, 3.604760;
-23.400000, 7.497373, 3.696635;
-23.300000, 7.398152, 3.832357;
-23.200000, 7.300960, 3.913363;
-23.100000, 7.205746, 3.991889;
-23.000000, 7.112457, 4.092512;
-22.900000, 7.021036, 4.191512;
-22.800000, 6.931445, 4.302019;
-22.700000, 6.843629, 4.395415;
-22.600000, 6.757542, 4.494262;
-22.500000, 6.673139, 4.596130;
-22.400000, 6.590379, 4.692267;
-22.300000, 6.509217, 4.791953;
-22.200000, 6.429615, 4.909578;
-22.100000, 6.351530, 4.990682;
-22.000000, 6.274925, 5.110737;
-21.900000, 6.199768, 5.226611;
-21.800000, 6.126016, 5.299363;
-21.700000, 6.053637, 5.417132;
-21.600000, 5.982598, 5.499680;
-21.500000, 5.912865, 5.599646;
-21.400000, 5.844407, 5.696325;
-21.300000, 5.777194, 5.806805;
-21.200000, 5.711197, 5.960081;
-21.100000, 5.646383, 6.003270;
-21.000000, 5.582730, 6.099957;
-20.900000, 5.520206, 6.202846;
-20.800000, 5.458787, 6.322781;
-20.700000, 5.398447, 2.426241;
-20.600000, 5.339045, 2.521404;
-20.500000, 5.280263, 2.611117;
-20.400000, 5.221969, 1.921920;
-20.300000, 5.164111, 2.026224;
-20.200000, 5.106708, 2.120902;
-20.100000, 5.049703, 2.221708;
-20.000000, 4.993245, 2.322975;
-19.900000, 4.937236, 2.439636;
-19.800000, 4.881694, 2.521831;
-19.700000, 4.826714, 2.622299;
-19.600000, 4.772304, 2.724456;
-19.500000, 4.718571, 2.836109;
-19.400000, 4.665372, 2.927236;
-19.300000, 4.612686, 2.354507;
-19.200000, 4.560241, 2.466837;
-19.100000, 4.508144, 2.551601;
-19.000000, 4.456465, 2.656034;
-18.900000, 4.405723, 2.763087;
-18.800000, 4.355743, 2.871630;
-18.700000, 4.306369, 2.978849;
-18.600000, 4.257654, 3.059020;
-18.500000, 4.209546, 3.169288;
-18.400000, 4.163317, 3.259801;
-18.300000, 4.118161, 3.384809;
-18.200000, 4.074049, 3.488535;
-18.100000, 4.030633, 2.971925;
-18.000000, 3.987778, 3.074547;
-17.900000, 3.945394, 3.173808;
-17.800000, 3.903528, 3.272341;
-17.700000, 3.862093, 3.386060;
-17.600000, 3.821087, 3.481717;
-17.500000, 3.780510, 3.581266;
-17.400000, 3.740344, 3.692431;
-17.300000, 3.675142, 3.772994;
-17.200000, 3.635283, 3.870864;
-17.100000, 3.595991, 2.590747;
-17.000000, 3.557162, 2.689327;
-16.900000, 3.518869, 2.411031;
-16.800000, 3.480962, 2.513973;
-16.700000, 3.443372, 2.611067;
-16.600000, 3.406113, 2.721198;
-16.500000, 3.369162, 2.811891;
-16.400000, 3.332420, 2.915882;
-16.300000, 3.295956, 3.010209;
-16.200000, 3.259659, 1.602276;
-16.100000, 3.223591, 1.701623;
-16.000000, 3.187686, 1.798874;
