res_256_1 = [ 
-40.000000, 38.808257, 38.799073;
-39.900000, 39.666733, 39.614888;
-39.800000, 40.273504, 40.307744;
-39.700000, 39.046019, 39.043563;
-39.600000, 39.129098, 39.173673;
-39.500000, 39.779047, 39.790373;
-39.400000, 40.311258, 40.250684;
-39.300000, 40.416951, 40.416918;
-39.200000, 40.520723, 40.657403;
-39.100000, 39.403896, 39.442314;
-39.000000, 39.580692, 39.659397;
-38.900000, 39.856711, 39.838638;
-38.800000, 41.003289, 41.036735;
-38.700000, 40.995212, 40.970998;
-38.600000, 41.263583, 41.350387;
-38.500000, 41.032334, 41.037883;
-38.400000, 40.831974, 40.805845;
-38.300000, 40.308207, 40.344144;
-38.200000, 42.009843, 42.029463;
-38.100000, 41.174864, 41.200594;
-38.000000, 40.645018, 40.619143;
-37.900000, 41.980363, 42.035014;
-37.800000, 41.506631, 41.467437;
-37.700000, 40.871383, 40.920427;
-37.600000, 41.375754, 41.311136;
-37.500000, 40.787814, 40.859398;
-37.400000, 41.856865, 41.903771;
-37.300000, 42.734854, 42.702433;
-37.200000, 41.766334, 41.817954;
-37.100000, 42.095616, 42.090644;
-37.000000, 42.410151, 42.413327;
-36.900000, 42.915658, 42.850458;
-36.800000, 41.641582, 41.677091;
-36.700000, 42.433783, 42.586734;
-36.600000, 42.142312, 42.232343;
-36.500000, 42.425715, 42.430403;
-36.400000, 42.323065, 42.364913;
-36.300000, 42.371069, 42.428355;
-36.200000, 42.741077, 42.753674;
-36.100000, 43.796604, 43.827170;
-36.000000, 43.905021, 43.965688;
-35.900000, 43.171229, 43.289467;
-35.800000, 43.427957, 43.346424;
-35.700000, 43.942798, 43.922959;
-35.600000, 43.448491, 43.473766;
-35.500000, 43.277855, 43.334409;
-35.400000, 44.182530, 44.235457;
-35.300000, 44.294889, 44.312842;
-35.200000, 43.784463, 43.919773;
-35.100000, 44.186152, 44.138738;
-35.000000, 44.656725, 44.682037;
-34.900000, 43.708686, 43.770167;
-34.800000, 44.420958, 44.472199;
-34.700000, 44.258925, 44.297141;
-34.600000, 44.961487, 44.918172;
-34.500000, 45.001214, 45.034348;
-34.400000, 44.661060, 44.755561;
-34.300000, 44.447743, 44.604100;
-34.200000, 44.558704, 44.595666;
-34.100000, 46.173928, 46.245297;
-34.000000, 45.739121, 45.737789;
-33.900000, 44.731079, 44.724488;
-33.800000, 46.016459, 46.193688;
-33.700000, 45.489654, 45.575413;
-33.600000, 45.925144, 45.978421;
-33.500000, 45.438675, 45.448207;
-33.400000, 46.420004, 46.481028;
-33.300000, 46.866893, 46.957549;
-33.200000, 45.013112, 45.075706;
-33.100000, 45.557396, 45.625491;
-33.000000, 45.583407, 45.614461;
-32.900000, 45.893061, 45.961347;
-32.800000, 46.274894, 46.353291;
-32.700000, 45.555917, 45.732054;
-32.600000, 47.117598, 47.230884;
-32.500000, 46.649371, 46.621048;
-32.400000, 46.305972, 46.369718;
-32.300000, 47.573312, 47.610690;
-32.200000, 46.403562, 46.418273;
-32.100000, 47.770873, 47.801415;
-32.000000, 45.921808, 46.050241;
-31.900000, 47.111362, 47.206400;
-31.800000, 47.502369, 47.556522;
-31.700000, 47.196018, 47.290321;
-31.600000, 47.796215, 47.789964;
-31.500000, 47.708139, 47.857935;
-31.400000, 47.280851, 47.374733;
-31.300000, 47.491663, 47.539799;
-31.200000, 48.374833, 48.303063;
-31.100000, 47.924173, 47.936532;
-31.000000, 48.865484, 49.093666;
-30.900000, 48.344428, 48.487849;
-30.800000, 49.035998, 49.089079;
-30.700000, 47.964592, 48.096536;
-30.600000, 48.238463, 48.445826;
-30.500000, 48.315650, 48.409803;
-30.400000, 48.627081, 48.754900;
-30.300000, 48.444367, 48.549081;
-30.200000, 49.625861, 49.712861;
-30.100000, 49.627800, 49.817530;
-30.000000, 49.053637, 49.075293;
-29.900000, 49.927861, 49.911863;
-29.800000, 49.137429, 49.152813;
-29.700000, 49.628727, 49.700818;
-29.600000, 49.915573, 49.974337;
-29.500000, 50.413021, 50.527889;
-29.400000, 50.236501, 50.336574;
-29.300000, 50.037823, 50.174180;
-29.200000, 50.010708, 50.048781;
-29.100000, 49.523460, 49.825548;
-29.000000, 51.006581, 51.064756;
-28.900000, 50.380817, 50.376333;
-28.800000, 50.987442, 51.072893;
-28.700000, 49.854218, 49.893137;
-28.600000, 49.762284, 49.772443;
-28.500000, 50.357076, 50.466786;
-28.400000, 50.048909, 50.476701;
-28.300000, 51.410478, 51.435602;
-28.200000, 51.215897, 51.286488;
-28.100000, 50.127967, 50.300530;
-28.000000, 51.066203, 51.098199;
-27.900000, 51.521456, 51.559892;
-27.800000, 50.580450, 50.741940;
-27.700000, 50.897436, 50.995407;
-27.600000, 50.884247, 51.144303;
-27.500000, 52.642087, 52.770673;
-27.400000, 52.180319, 52.215245;
-27.300000, 51.158237, 51.108923;
-27.200000, 52.379897, 52.496258;
-27.100000, 52.882964, 52.856167;
-27.000000, 51.392251, 51.419805;
-26.900000, 51.435904, 51.534639;
-26.800000, 53.204688, 53.261763;
-26.700000, 52.376008, 52.549748;
-26.600000, 52.287629, 52.463561;
-26.500000, 53.241545, 53.308999;
-26.400000, 51.729591, 51.808868;
-26.300000, 52.285175, 52.558012;
-26.200000, 52.287925, 52.596940;
-26.100000, 52.208932, 52.228728;
-26.000000, 53.621963, 53.713478;
-25.900000, 52.858072, 53.136706;
-25.800000, 53.610989, 53.770111;
-25.700000, 54.151308, 54.171581;
-25.600000, 52.210316, 53.368149;
-25.500000, 54.158603, 54.219774;
-25.400000, 54.089667, 54.306409;
-25.300000, 53.559492, 53.749638;
-25.200000, 53.754163, 53.923527;
-25.100000, 54.839874, 54.965013;
-25.000000, 53.174902, 53.248048;
-24.900000, 54.814381, 54.890371;
-24.800000, 54.933482, 55.209355;
-24.700000, 53.588156, 53.801607;
-24.600000, 54.848650, 54.991863;
-24.500000, 55.245583, 55.119742;
-24.400000, 55.403754, 55.626528;
-24.300000, 55.101724, 55.207102;
-24.200000, 54.494853, 54.601620;
-24.100000, 55.617990, 55.763593;
-24.000000, 54.135484, 54.339541;
-23.900000, 54.495024, 54.615502;
-23.800000, 54.397472, 54.485862;
-23.700000, 55.750613, 55.975467;
-23.600000, 54.939896, 55.146931;
-23.500000, 55.253297, 55.497686;
-23.400000, 55.610865, 55.683145;
-23.300000, 55.587385, 56.177772;
-23.200000, 54.625895, 55.124851;
-23.100000, 55.982928, 56.171386;
-23.000000, 56.361876, 56.395267;
-22.900000, 56.251865, 56.603706;
-22.800000, 56.349837, 56.526070;
-22.700000, 55.059872, 55.451920;
-22.600000, 55.824627, 56.447995;
-22.500000, 56.451159, 56.983711;
-22.400000, 56.640784, 56.943754;
-22.300000, 55.973248, 56.247656;
-22.200000, 56.204452, 56.905340;
-22.100000, 57.055087, 57.421806;
-22.000000, 56.599451, 56.911766;
-21.900000, 56.507633, 57.070134;
-21.800000, 57.140093, 57.674819;
-21.700000, 58.077313, 58.128743;
-21.600000, 57.707811, 58.326400;
-21.500000, 56.922358, 57.783212;
-21.400000, 58.120986, 58.415400;
-21.300000, 56.847056, 57.223365;
-21.200000, 58.322454, 58.453458;
-21.100000, 57.858120, 58.724551;
-21.000000, 58.515106, 58.598542;
-20.900000, 57.163947, 57.499398;
-20.800000, 58.318178, 59.091824;
-20.700000, 57.517497, 58.524405;
-20.600000, 58.335588, 59.278534;
-20.500000, 58.333318, 58.694522;
-20.400000, 57.981849, 58.645009;
-20.300000, 58.374385, 58.861725;
-20.200000, 58.929766, 59.563553;
-20.100000, 58.435443, 59.300566;
-20.000000, 57.708982, 58.533040;
-19.900000, 58.439712, 58.690457;
-19.800000, 58.282885, 58.743098;
-19.700000, 59.109703, 59.423272;
-19.600000, 59.601753, 60.042401;
-19.500000, 59.545211, 60.105326;
-19.400000, 58.774076, 59.293057;
-19.300000, 59.470291, 60.371892;
-19.200000, 59.691653, 60.103134;
-19.100000, 58.295476, 59.244458;
-19.000000, 58.727268, 60.015176;
-18.900000, 59.062000, 59.995379;
-18.800000, 60.488204, 61.034263;
-18.700000, 60.467294, 61.311944;
-18.600000, 60.079098, 60.892445;
-18.500000, 59.501925, 60.695969;
-18.400000, 59.800510, 60.480407;
-18.300000, 59.339927, 60.321392;
-18.200000, 60.571130, 61.287241;
-18.100000, 59.767780, 61.346113;
-18.000000, 59.122971, 60.534645;
-17.900000, 60.099782, 61.156136;
-17.800000, 60.017232, 60.815620;
-17.700000, 61.358233, 61.745380;
-17.600000, 61.065242, 62.258115;
-17.500000, 60.467777, 61.509831;
-17.400000, 60.981952, 61.655931;
-17.300000, 61.006332, 61.729780;
-17.200000, 61.504650, 62.558194;
-17.100000, 61.104489, 62.362373;
-17.000000, 61.190664, 61.993229;
-16.900000, 60.850566, 61.980467;
-16.800000, 61.752153, 63.391545;
-16.700000, 61.246908, 62.047759;
