res_64_2 = [ 
-40.000000, 41.370013, 41.370013;
-39.900000, 41.239442, 41.098529;
-39.800000, 42.719333, 42.719333;
-39.700000, 41.957657, 41.957657;
-39.600000, 41.319759, 41.520986;
-39.500000, 42.125730, 42.125530;
-39.400000, 43.125720, 43.125720;
-39.300000, 42.654531, 42.654531;
-39.200000, 41.566403, 41.607790;
-39.100000, 42.708477, 42.708477;
-39.000000, 42.375855, 42.375855;
-38.900000, 42.858452, 42.995928;
-38.800000, 41.524003, 41.524003;
-38.700000, 43.860077, 43.900117;
-38.600000, 42.628004, 42.649767;
-38.500000, 44.912455, 45.168168;
-38.400000, 43.327103, 43.327103;
-38.300000, 44.775476, 44.804492;
-38.200000, 44.942615, 44.942615;
-38.100000, 42.077432, 42.077432;
-38.000000, 43.415229, 43.393792;
-37.900000, 42.632417, 42.632417;
-37.800000, 43.289757, 43.276722;
-37.700000, 44.751026, 44.873266;
-37.600000, 43.436548, 43.436548;
-37.500000, 44.702418, 44.682807;
-37.400000, 45.317204, 45.260064;
-37.300000, 45.254505, 45.110623;
-37.200000, 45.593847, 45.596370;
-37.100000, 45.715284, 45.550521;
-37.000000, 45.264387, 45.284801;
-36.900000, 45.516261, 45.516261;
-36.800000, 45.025388, 45.126139;
-36.700000, 45.088111, 45.176256;
-36.600000, 45.610351, 45.858048;
-36.500000, 45.855496, 45.790267;
-36.400000, 45.219162, 45.248885;
-36.300000, 44.451855, 44.459838;
-36.200000, 45.461685, 45.553454;
-36.100000, 46.164091, 46.271463;
-36.000000, 45.436063, 45.436063;
-35.900000, 45.840833, 45.855559;
-35.800000, 46.841628, 46.874192;
-35.700000, 44.571723, 44.571723;
-35.600000, 44.740344, 44.831262;
-35.500000, 45.349601, 45.350071;
-35.400000, 45.720702, 45.816080;
-35.300000, 47.397201, 47.436490;
-35.200000, 47.491784, 47.469318;
-35.100000, 46.915220, 46.853363;
-35.000000, 46.280364, 46.335949;
-34.900000, 47.352105, 47.402376;
-34.800000, 46.705636, 46.998492;
-34.700000, 47.421051, 47.556876;
-34.600000, 45.810093, 45.947062;
-34.500000, 48.388112, 48.324874;
-34.400000, 47.598772, 47.851045;
-34.300000, 46.914460, 46.839796;
-34.200000, 49.239415, 49.145799;
-34.100000, 48.378210, 48.378210;
-34.000000, 47.753925, 47.562408;
-33.900000, 48.331965, 48.331965;
-33.800000, 47.656075, 47.759938;
-33.700000, 49.303360, 49.382904;
-33.600000, 48.655587, 48.643150;
-33.500000, 46.773889, 46.807968;
-33.400000, 48.242591, 48.172227;
-33.300000, 49.402710, 49.533588;
-33.200000, 48.592383, 48.453139;
-33.100000, 47.839330, 47.924838;
-33.000000, 48.179526, 48.212524;
-32.900000, 47.594798, 47.571520;
-32.800000, 49.462018, 49.561993;
-32.700000, 49.668355, 49.738667;
-32.600000, 48.282108, 48.444364;
-32.500000, 49.783930, 49.833211;
-32.400000, 48.228094, 48.319049;
-32.300000, 50.560509, 50.537233;
-32.200000, 50.610186, 50.601973;
-32.100000, 48.891493, 48.891493;
-32.000000, 48.965706, 49.018270;
-31.900000, 48.986643, 48.986643;
-31.800000, 50.829968, 50.682932;
-31.700000, 50.475916, 50.455903;
-31.600000, 49.735863, 50.100255;
-31.500000, 50.403532, 50.337026;
-31.400000, 49.709109, 49.782444;
-31.300000, 50.802611, 50.825209;
-31.200000, 50.188361, 50.201955;
-31.100000, 51.916502, 51.901296;
-31.000000, 51.612327, 51.767650;
-30.900000, 51.492314, 51.636059;
-30.800000, 50.602363, 50.612346;
-30.700000, 50.221247, 50.305457;
-30.600000, 50.868587, 50.811545;
-30.500000, 51.218473, 51.674029;
-30.400000, 50.398071, 50.387344;
-30.300000, 51.816517, 51.816517;
-30.200000, 51.552233, 51.569737;
-30.100000, 50.261451, 50.349081;
-30.000000, 51.863798, 51.873197;
-29.900000, 52.232502, 52.241085;
-29.800000, 50.636969, 50.713367;
-29.700000, 51.887502, 52.003512;
-29.600000, 52.761145, 52.960231;
-29.500000, 53.412529, 53.503746;
-29.400000, 52.781850, 52.948976;
-29.300000, 52.583954, 52.702081;
-29.200000, 51.830320, 51.909852;
-29.100000, 53.434182, 53.379727;
-29.000000, 52.292924, 52.450845;
-28.900000, 53.374847, 53.297138;
-28.800000, 53.156147, 53.103268;
-28.700000, 53.103569, 53.087614;
-28.600000, 51.857727, 51.782617;
-28.500000, 53.744633, 53.853781;
-28.400000, 53.228275, 53.321218;
-28.300000, 53.474975, 53.687256;
-28.200000, 54.857304, 54.654656;
-28.100000, 52.561093, 52.679757;
-28.000000, 54.072837, 54.288490;
-27.900000, 53.287927, 53.524460;
-27.800000, 54.577047, 54.983916;
-27.700000, 54.984149, 54.984149;
-27.600000, 53.815749, 53.897115;
-27.500000, 53.632630, 53.862692;
-27.400000, 54.840311, 54.997558;
-27.300000, 55.343019, 55.542077;
-27.200000, 53.823954, 53.987190;
-27.100000, 55.065265, 55.127516;
-27.000000, 54.386489, 54.586265;
-26.900000, 55.544457, 55.654497;
-26.800000, 54.417393, 54.424421;
-26.700000, 55.428218, 55.509471;
-26.600000, 53.645972, 53.813343;
-26.500000, 53.881423, 54.103466;
-26.400000, 54.763864, 55.070572;
-26.300000, 55.000423, 54.977421;
-26.200000, 55.747436, 55.971112;
-26.100000, 56.479688, 56.643224;
-26.000000, 54.489703, 54.503263;
-25.900000, 56.244776, 56.042486;
-25.800000, 56.771454, 56.964306;
-25.700000, 55.379524, 55.732484;
-25.600000, 55.746713, 55.862439;
-25.500000, 57.150511, 57.342968;
-25.400000, 56.689657, 56.896112;
-25.300000, 56.926058, 57.055354;
-25.200000, 57.443695, 57.646370;
-25.100000, 57.331792, 57.412926;
-25.000000, 57.332797, 57.180818;
-24.900000, 58.212368, 58.414169;
-24.800000, 56.375935, 56.387532;
-24.700000, 57.122481, 57.476567;
-24.600000, 57.614079, 57.708371;
-24.500000, 57.421096, 57.613279;
-24.400000, 57.740021, 57.857504;
-24.300000, 56.481399, 56.572655;
-24.200000, 57.132250, 57.428524;
-24.100000, 56.984622, 57.145019;
-24.000000, 57.140488, 57.147846;
-23.900000, 57.819028, 57.749455;
-23.800000, 58.096395, 58.519331;
-23.700000, 58.053816, 58.133782;
-23.600000, 57.734283, 57.924906;
-23.500000, 57.338705, 57.568158;
-23.400000, 57.635332, 57.580853;
-23.300000, 57.398184, 57.794362;
-23.200000, 58.417735, 58.825355;
-23.100000, 58.865682, 58.944820;
-23.000000, 58.342889, 59.058806;
-22.900000, 60.503551, 60.821351;
-22.800000, 58.207572, 58.363841;
-22.700000, 59.836221, 60.015618;
-22.600000, 59.853924, 59.645662;
-22.500000, 60.041408, 60.157037;
-22.400000, 59.937180, 60.227682;
-22.300000, 59.560264, 59.832599;
-22.200000, 60.597398, 60.662838;
-22.100000, 59.016584, 59.423186;
-22.000000, 60.967834, 61.290790;
-21.900000, 58.778212, 58.922895;
-21.800000, 59.922276, 60.336481;
-21.700000, 59.122535, 59.311810;
-21.600000, 58.576021, 58.805202;
-21.500000, 59.499819, 59.777475;
-21.400000, 58.482147, 58.871236;
-21.300000, 60.583928, 60.682324;
-21.200000, 60.681792, 60.665163;
-21.100000, 59.696243, 59.936425;
-21.000000, 61.416519, 61.734987;
-20.900000, 60.788217, 61.033717;
-20.800000, 62.010359, 62.423293;
-20.700000, 59.394738, 59.812749;
-20.600000, 61.146563, 61.869950;
-20.500000, 61.537262, 61.509602;
-20.400000, 60.412571, 60.973435;
-20.300000, 62.626596, 62.753729;
-20.200000, 60.991837, 61.385938;
-20.100000, 60.523856, 60.668922;
-20.000000, 61.066290, 61.133948;
-19.900000, 61.629843, 61.882724;
-19.800000, 61.128079, 61.171315;
-19.700000, 60.794813, 61.129876;
-19.600000, 62.543118, 62.688581;
-19.500000, 61.297695, 61.195195;
-19.400000, 61.246301, 61.367393;
-19.300000, 63.293968, 63.275905;
-19.200000, 62.501421, 62.887981;
-19.100000, 61.460211, 61.887913;
-19.000000, 61.512329, 61.951651;
-18.900000, 62.666874, 62.713179;
-18.800000, 62.808003, 63.189314;
-18.700000, 63.003738, 63.464881;
-18.600000, 63.133745, 63.095306;
-18.500000, 62.939097, 63.180940;
-18.400000, 62.909294, 63.080517;
-18.300000, 63.202239, 63.978041;
-18.200000, 62.790897, 63.633402;
-18.100000, 62.686744, 64.121969;
-18.000000, 62.911629, 63.761058;
-17.900000, 62.510056, 62.590490;
-17.800000, 63.625966, 63.983339;
-17.700000, 63.015453, 63.390315;
-17.600000, 62.782581, 63.019460;
-17.500000, 63.225410, 63.790155;
-17.400000, 63.432309, 64.323478;
-17.300000, 62.987589, 63.461540;
-17.200000, 62.878010, 63.718576;
-17.100000, 62.218390, 63.975943;
-17.000000, 63.772297, 64.183597;
-16.900000, 63.016112, 63.570962;
-16.800000, 64.729211, 65.007211;
-16.700000, 64.936156, 66.546259;
