res_1024_1 = [ 
-40.000000, 38.846127, 38.893367;
-39.900000, 39.598560, 39.718500;
-39.800000, 40.075981, 40.094690;
-39.700000, 39.017488, 39.066698;
-39.600000, 39.372097, 39.430186;
-39.500000, 39.991961, 40.029009;
-39.400000, 40.112515, 40.209916;
-39.300000, 40.510755, 40.574047;
-39.200000, 40.792285, 40.851786;
-39.100000, 39.082920, 39.150355;
-39.000000, 39.491132, 39.511784;
-38.900000, 39.822747, 39.867973;
-38.800000, 41.082385, 41.091857;
-38.700000, 41.057591, 41.073106;
-38.600000, 41.043090, 41.078265;
-38.500000, 40.840642, 40.962129;
-38.400000, 40.839726, 40.923070;
-38.300000, 40.579705, 40.630968;
-38.200000, 41.644059, 41.695040;
-38.100000, 41.381086, 41.367795;
-38.000000, 40.833883, 40.870036;
-37.900000, 42.121779, 42.113364;
-37.800000, 41.299930, 41.309676;
-37.700000, 40.600535, 40.689956;
-37.600000, 41.564529, 41.626383;
-37.500000, 41.019653, 41.075315;
-37.400000, 41.784023, 41.816422;
-37.300000, 42.206441, 42.316244;
-37.200000, 41.558579, 41.603983;
-37.100000, 42.041130, 42.188577;
-37.000000, 42.510635, 42.563865;
-36.900000, 43.041327, 43.105519;
-36.800000, 41.545425, 41.645677;
-36.700000, 41.989710, 42.039256;
-36.600000, 42.105727, 42.197891;
-36.500000, 42.340612, 42.424822;
-36.400000, 42.415830, 42.448836;
-36.300000, 42.579141, 42.652949;
-36.200000, 42.432223, 42.496027;
-36.100000, 43.854687, 43.943866;
-36.000000, 43.650360, 43.643871;
-35.900000, 43.334503, 43.437120;
-35.800000, 42.925926, 42.972387;
-35.700000, 44.146796, 44.161931;
-35.600000, 43.701396, 43.734769;
-35.500000, 42.878853, 42.920263;
-35.400000, 43.789348, 43.859947;
-35.300000, 44.728969, 44.710713;
-35.200000, 43.673687, 43.770601;
-35.100000, 44.353180, 44.476898;
-35.000000, 44.733638, 44.802781;
-34.900000, 43.716257, 43.812043;
-34.800000, 44.075425, 44.145253;
-34.700000, 44.382190, 44.460490;
-34.600000, 44.814292, 44.846551;
-34.500000, 44.784382, 44.921217;
-34.400000, 44.735604, 44.814299;
-34.300000, 44.613228, 44.661048;
-34.200000, 44.345516, 44.447183;
-34.100000, 45.784858, 45.821623;
-34.000000, 45.434483, 45.565024;
-33.900000, 45.192391, 45.354291;
-33.800000, 45.991697, 46.034801;
-33.700000, 45.244183, 45.297249;
-33.600000, 46.240031, 46.313926;
-33.500000, 45.325148, 45.316525;
-33.400000, 46.251737, 46.297355;
-33.300000, 46.550712, 46.595131;
-33.200000, 45.230019, 45.361124;
-33.100000, 45.577854, 45.708760;
-33.000000, 45.706117, 45.787861;
-32.900000, 46.028197, 46.102528;
-32.800000, 45.846263, 45.933060;
-32.700000, 45.845502, 45.972361;
-32.600000, 47.261562, 47.340276;
-32.500000, 46.593741, 46.694733;
-32.400000, 46.174553, 46.320046;
-32.300000, 47.169995, 47.241095;
-32.200000, 46.578829, 46.654724;
-32.100000, 47.317427, 47.445217;
-32.000000, 46.238783, 46.338771;
-31.900000, 46.948942, 47.058903;
-31.800000, 47.253328, 47.372943;
-31.700000, 47.602721, 47.633421;
-31.600000, 47.619641, 47.700911;
-31.500000, 47.710430, 47.762506;
-31.400000, 47.565760, 47.648804;
-31.300000, 47.271226, 47.427324;
-31.200000, 48.444382, 48.565441;
-31.100000, 48.133227, 48.142495;
-31.000000, 48.786127, 48.847477;
-30.900000, 48.124534, 48.219000;
-30.800000, 48.854570, 49.005896;
-30.700000, 47.646459, 47.785133;
-30.600000, 48.050094, 48.110623;
-30.500000, 48.325720, 48.480254;
-30.400000, 48.315036, 48.515895;
-30.300000, 48.380016, 48.551625;
-30.200000, 49.565396, 49.749046;
-30.100000, 49.425219, 49.487532;
-30.000000, 48.833334, 48.935020;
-29.900000, 49.824862, 49.905155;
-29.800000, 48.823307, 48.959273;
-29.700000, 49.543457, 49.690439;
-29.600000, 49.951629, 50.134016;
-29.500000, 50.193201, 50.232358;
-29.400000, 50.371202, 50.423448;
-29.300000, 50.172993, 50.542435;
-29.200000, 50.179862, 50.269535;
-29.100000, 49.871700, 49.967067;
-29.000000, 50.452411, 50.803192;
-28.900000, 49.977047, 50.129908;
-28.800000, 50.422702, 50.836613;
-28.700000, 49.325012, 49.747473;
-28.600000, 49.857544, 50.002059;
-28.500000, 49.776642, 50.340085;
-28.400000, 49.845595, 50.225792;
-28.300000, 51.217945, 51.430312;
-28.200000, 50.741768, 51.169380;
-28.100000, 50.161985, 50.459229;
-28.000000, 51.173788, 51.257280;
-27.900000, 51.584361, 51.751824;
-27.800000, 50.389837, 50.782186;
-27.700000, 50.440040, 50.815879;
-27.600000, 50.509432, 50.973607;
-27.500000, 52.078586, 52.338371;
-27.400000, 51.634968, 51.918500;
-27.300000, 51.124413, 51.334552;
-27.200000, 52.046077, 52.299338;
-27.100000, 52.375490, 52.818379;
-27.000000, 51.232942, 51.548265;
-26.900000, 51.370117, 51.662275;
-26.800000, 52.624203, 53.111651;
-26.700000, 52.610758, 52.727842;
-26.600000, 51.782174, 52.186760;
-26.500000, 52.694919, 52.994846;
-26.400000, 51.524827, 51.767139;
-26.300000, 51.963723, 52.328196;
-26.200000, 52.303886, 52.518022;
-26.100000, 51.981729, 52.432635;
-26.000000, 53.277951, 53.616421;
-25.900000, 52.630418, 52.887161;
-25.800000, 53.152180, 53.805228;
-25.700000, 53.766451, 54.111757;
-25.600000, 52.660773, 52.858253;
-25.500000, 54.120020, 54.481680;
-25.400000, 53.680358, 54.209671;
-25.300000, 53.299065, 53.665623;
-25.200000, 53.816700, 54.352468;
-25.100000, 54.492133, 54.702765;
-25.000000, 52.934285, 53.440804;
-24.900000, 54.610123, 55.022151;
-24.800000, 54.440315, 54.701042;
-24.700000, 53.765831, 54.339363;
-24.600000, 54.430559, 54.895495;
-24.500000, 54.934530, 55.234449;
-24.400000, 54.924261, 55.349578;
-24.300000, 54.901309, 55.174052;
-24.200000, 54.016867, 54.646833;
-24.100000, 55.120528, 55.461354;
-24.000000, 53.974338, 54.305870;
-23.900000, 54.113998, 54.606836;
-23.800000, 53.926447, 54.755070;
-23.700000, 55.282967, 55.942124;
-23.600000, 54.539767, 55.192040;
-23.500000, 54.912027, 55.532924;
-23.400000, 55.559013, 55.831392;
-23.300000, 55.178959, 55.937784;
-23.200000, 54.265961, 55.165611;
-23.100000, 55.199067, 56.172625;
-23.000000, 55.901106, 56.670170;
-22.900000, 55.773819, 56.529284;
-22.800000, 55.209209, 56.431480;
-22.700000, 55.316616, 55.707419;
-22.600000, 55.523692, 56.366330;
-22.500000, 55.993935, 56.834172;
-22.400000, 55.572416, 56.506148;
-22.300000, 55.064034, 56.069343;
-22.200000, 56.205353, 56.901510;
-22.100000, 56.559366, 57.240489;
-22.000000, 56.216172, 57.176849;
-21.900000, 55.677480, 56.750555;
-21.800000, 56.642851, 57.791307;
-21.700000, 57.017729, 57.950964;
-21.600000, 56.985279, 57.892332;
-21.500000, 56.553192, 57.780555;
-21.400000, 57.327144, 58.247392;
-21.300000, 56.241498, 57.066920;
-21.200000, 57.589553, 58.766774;
-21.100000, 57.123838, 58.388988;
-21.000000, 57.770864, 58.941394;
-20.900000, 56.397588, 57.711339;
-20.800000, 58.046867, 58.801538;
-20.700000, 57.253842, 58.393045;
-20.600000, 57.737895, 58.645647;
-20.500000, 57.627107, 58.728107;
-20.400000, 57.326875, 58.450923;
-20.300000, 57.977172, 59.004226;
-20.200000, 58.256958, 59.198050;
-20.100000, 57.873884, 59.056724;
-20.000000, 57.268871, 58.136737;
-19.900000, 57.532293, 58.569886;
-19.800000, 57.520296, 58.777519;
-19.700000, 58.458119, 59.669479;
-19.600000, 58.861260, 60.053918;
-19.500000, 58.929709, 60.063318;
-19.400000, 58.378981, 59.396122;
-19.300000, 58.840896, 59.864369;
-19.200000, 58.589078, 59.942343;
-19.100000, 58.194860, 59.177203;
-19.000000, 58.449710, 59.721406;
-18.900000, 58.112550, 59.603980;
-18.800000, 59.399740, 60.873067;
-18.700000, 59.793843, 61.095877;
-18.600000, 59.973488, 60.882074;
-18.500000, 58.701199, 60.234876;
-18.400000, 58.802115, 60.514747;
-18.300000, 58.557635, 59.998960;
-18.200000, 59.358182, 60.962280;
-18.100000, 59.660126, 61.088754;
-18.000000, 58.816749, 60.482024;
-17.900000, 59.645306, 60.866727;
-17.800000, 59.716465, 60.585844;
-17.700000, 59.816166, 61.521716;
-17.600000, 59.381893, 61.561664;
-17.500000, 59.617747, 61.214297;
-17.400000, 59.579857, 61.651200;
-17.300000, 60.142693, 61.548907;
-17.200000, 59.812769, 62.275075;
-17.100000, 60.974961, 62.260615;
-17.000000, 59.377137, 61.360835;
-16.900000, 59.084830, 61.698540;
-16.800000, 60.571178, 63.032100;
-16.700000, 59.379261, 61.658765;
