res_4096_2 = [ 
-40.000000, 41.089846, 41.162539;
-39.900000, 41.685708, 41.733464;
-39.800000, 42.866045, 42.912874;
-39.700000, 41.909276, 41.998564;
-39.600000, 42.149201, 42.194093;
-39.500000, 42.283437, 42.322593;
-39.400000, 43.270084, 43.323133;
-39.300000, 41.715425, 42.002384;
-39.200000, 41.964838, 42.089435;
-39.100000, 41.732472, 41.773370;
-39.000000, 42.486298, 42.535322;
-38.900000, 42.199169, 42.406936;
-38.800000, 41.812177, 41.904267;
-38.700000, 43.728959, 44.012623;
-38.600000, 43.343267, 43.398600;
-38.500000, 43.534127, 43.695222;
-38.400000, 42.909617, 42.997417;
-38.300000, 44.359626, 44.437207;
-38.200000, 43.697884, 43.815284;
-38.100000, 42.551603, 42.765139;
-38.000000, 43.985043, 44.097078;
-37.900000, 42.781170, 42.911942;
-37.800000, 43.887928, 44.154396;
-37.700000, 44.834244, 44.951727;
-37.600000, 43.585234, 43.702071;
-37.500000, 44.395554, 44.535727;
-37.400000, 44.176722, 44.468104;
-37.300000, 44.893037, 45.088384;
-37.200000, 45.381378, 45.464381;
-37.100000, 44.903603, 45.078598;
-37.000000, 45.333458, 45.493386;
-36.900000, 45.501469, 45.679234;
-36.800000, 44.870234, 44.982950;
-36.700000, 44.821449, 45.073858;
-36.600000, 44.726829, 44.929730;
-36.500000, 45.975849, 46.152364;
-36.400000, 44.865934, 45.126903;
-36.300000, 44.542392, 44.702341;
-36.200000, 45.487285, 45.741310;
-36.100000, 46.391098, 46.540191;
-36.000000, 45.652050, 45.827875;
-35.900000, 46.254858, 46.353481;
-35.800000, 46.570344, 46.886059;
-35.700000, 44.675885, 44.804781;
-35.600000, 44.930291, 45.082648;
-35.500000, 45.073570, 45.307117;
-35.400000, 45.022381, 45.352538;
-35.300000, 47.322590, 47.470332;
-35.200000, 47.061069, 47.405599;
-35.100000, 46.961079, 47.089371;
-35.000000, 46.238225, 46.482978;
-34.900000, 47.322512, 47.402271;
-34.800000, 46.490297, 46.647421;
-34.700000, 47.106284, 47.238378;
-34.600000, 46.106862, 46.246937;
-34.500000, 47.246823, 47.418300;
-34.400000, 47.547340, 47.745000;
-34.300000, 47.511809, 47.695327;
-34.200000, 48.211783, 48.460301;
-34.100000, 48.094500, 48.449273;
-34.000000, 47.826899, 47.982655;
-33.900000, 48.048034, 48.264559;
-33.800000, 47.410292, 47.650295;
-33.700000, 48.875392, 49.087282;
-33.600000, 48.131369, 48.292746;
-33.500000, 46.903311, 47.148994;
-33.400000, 48.076741, 48.246989;
-33.300000, 48.874758, 49.019862;
-33.200000, 48.712181, 48.921533;
-33.100000, 47.733575, 48.162831;
-33.000000, 47.415608, 47.620545;
-32.900000, 47.597461, 47.999744;
-32.800000, 49.022064, 49.618134;
-32.700000, 49.138532, 49.537378;
-32.600000, 48.329106, 48.482413;
-32.500000, 49.030176, 49.543959;
-32.400000, 48.542240, 49.071510;
-32.300000, 49.229620, 49.743829;
-32.200000, 49.957751, 50.317077;
-32.100000, 48.636975, 49.225220;
-32.000000, 48.931285, 49.522235;
-31.900000, 48.937353, 49.492244;
-31.800000, 50.201174, 50.760332;
-31.700000, 49.912454, 50.634000;
-31.600000, 49.444800, 49.994289;
-31.500000, 50.149706, 50.635173;
-31.400000, 49.244428, 49.816913;
-31.300000, 50.576629, 51.000149;
-31.200000, 50.657991, 51.147618;
-31.100000, 50.639712, 51.003410;
-31.000000, 51.110477, 51.525319;
-30.900000, 50.881830, 51.194409;
-30.800000, 50.229091, 50.659553;
-30.700000, 50.164619, 50.658905;
-30.600000, 50.480580, 51.041622;
-30.500000, 51.466469, 52.072011;
-30.400000, 50.026909, 50.516894;
-30.300000, 50.594670, 51.293946;
-30.200000, 50.960938, 51.605794;
-30.100000, 50.385247, 50.860094;
-30.000000, 51.578841, 52.309258;
-29.900000, 51.567926, 52.108762;
-29.800000, 50.862962, 51.486871;
-29.700000, 51.713980, 52.232105;
-29.600000, 52.157238, 52.740914;
-29.500000, 52.302027, 53.016865;
-29.400000, 52.392176, 52.957039;
-29.300000, 52.102484, 52.688304;
-29.200000, 51.614714, 52.198482;
-29.100000, 52.385035, 52.963039;
-29.000000, 51.269153, 51.845045;
-28.900000, 51.549830, 52.210271;
-28.800000, 52.357499, 53.019149;
-28.700000, 52.088540, 52.644170;
-28.600000, 51.501865, 52.006464;
-28.500000, 53.051282, 53.513476;
-28.400000, 51.874227, 52.401850;
-28.300000, 52.842603, 53.406134;
-28.200000, 53.457943, 54.089913;
-28.100000, 52.926970, 53.482601;
-28.000000, 53.071486, 53.630585;
-27.900000, 52.729124, 53.505033;
-27.800000, 53.536631, 54.511240;
-27.700000, 54.492269, 55.212358;
-27.600000, 52.527877, 53.135113;
-27.500000, 52.477943, 53.141511;
-27.400000, 54.523943, 55.367820;
-27.300000, 53.922445, 54.949788;
-27.200000, 52.985748, 54.130793;
-27.100000, 53.472316, 54.387609;
-27.000000, 53.302856, 54.388542;
-26.900000, 54.007701, 54.851723;
-26.800000, 53.254945, 54.252728;
-26.700000, 54.570513, 55.562480;
-26.600000, 52.904573, 54.235223;
-26.500000, 53.776774, 54.913395;
-26.400000, 53.107554, 54.289465;
-26.300000, 54.541354, 55.894320;
-26.200000, 54.335844, 55.603738;
-26.100000, 54.751127, 56.279640;
-26.000000, 54.032663, 55.038302;
-25.900000, 55.101943, 56.549463;
-25.800000, 54.954412, 56.364908;
-25.700000, 54.203609, 55.622563;
-25.600000, 54.529290, 55.951177;
-25.500000, 55.339533, 56.841259;
-25.400000, 55.045868, 56.533516;
-25.300000, 54.257784, 55.749278;
-25.200000, 55.457447, 56.956180;
-25.100000, 55.969824, 57.604539;
-25.000000, 55.690617, 57.148164;
-24.900000, 55.618686, 57.242704;
-24.800000, 55.181077, 56.720341;
-24.700000, 55.690124, 57.318818;
-24.600000, 56.004876, 57.466797;
-24.500000, 55.645189, 57.252366;
-24.400000, 56.391257, 58.069398;
-24.300000, 55.463244, 56.995301;
-24.200000, 55.532874, 56.861137;
-24.100000, 55.648605, 57.111565;
-24.000000, 56.026063, 57.591738;
-23.900000, 56.970549, 58.471081;
-23.800000, 57.233956, 58.829809;
-23.700000, 56.631038, 57.936607;
-23.600000, 56.038568, 57.600952;
-23.500000, 56.520357, 58.069910;
-23.400000, 56.594675, 58.073154;
-23.300000, 56.004465, 57.594070;
-23.200000, 56.487873, 58.110190;
-23.100000, 57.211134, 58.826851;
-23.000000, 56.803195, 58.397172;
-22.900000, 57.593304, 59.551842;
-22.800000, 56.533487, 58.082073;
-22.700000, 58.012582, 59.799580;
-22.600000, 57.854714, 59.627676;
-22.500000, 58.460656, 60.062585;
-22.400000, 58.456189, 60.166148;
-22.300000, 58.216930, 59.899557;
-22.200000, 58.607806, 60.264003;
-22.100000, 57.153414, 58.784071;
-22.000000, 58.728727, 60.410810;
-21.900000, 57.617825, 59.200297;
-21.800000, 58.050767, 59.643870;
-21.700000, 56.954535, 58.727990;
-21.600000, 57.653286, 59.665748;
-21.500000, 57.695624, 59.773884;
-21.400000, 57.692822, 59.353903;
-21.300000, 58.523336, 60.766204;
-21.200000, 58.211544, 60.548946;
-21.100000, 57.734677, 59.636812;
-21.000000, 58.002708, 60.714118;
-20.900000, 58.137877, 60.739339;
-20.800000, 58.491954, 61.871337;
-20.700000, 57.124338, 59.880488;
-20.600000, 59.472122, 62.015608;
-20.500000, 57.943270, 61.123898;
-20.400000, 58.112028, 60.999763;
-20.300000, 58.917276, 62.383809;
-20.200000, 57.761194, 60.934391;
-20.100000, 57.559992, 60.892721;
-20.000000, 58.240807, 61.728783;
-19.900000, 58.209313, 61.935147;
-19.800000, 57.762878, 61.162627;
-19.700000, 57.931159, 61.333563;
-19.600000, 59.040419, 63.078558;
-19.500000, 58.240358, 61.743644;
-19.400000, 58.289730, 61.784896;
-19.300000, 58.876803, 62.600809;
-19.200000, 58.952149, 62.778288;
-19.100000, 58.458016, 61.973641;
-19.000000, 58.642300, 61.888915;
-18.900000, 59.446196, 63.387780;
-18.800000, 59.366973, 63.070702;
-18.700000, 59.304321, 62.982563;
-18.600000, 59.739737, 63.567877;
-18.500000, 59.486366, 63.003985;
-18.400000, 59.491840, 63.121920;
-18.300000, 59.594459, 63.441624;
-18.200000, 59.516660, 63.188964;
-18.100000, 59.570583, 63.229745;
-18.000000, 59.916571, 63.550626;
-17.900000, 59.615220, 63.205592;
-17.800000, 59.683706, 63.147920;
-17.700000, 59.647675, 63.184058;
-17.600000, 59.449516, 62.841380;
-17.500000, 60.370249, 64.033584;
-17.400000, 60.349728, 64.085571;
-17.300000, 59.814985, 63.215715;
-17.200000, 60.100634, 63.686690;
-17.100000, 60.229025, 63.852933;
-17.000000, 60.219124, 63.622661;
-16.900000, 60.531755, 64.080439;
-16.800000, 60.902730, 64.918948;
-16.700000, 61.411698, 65.501135;
