res_256_0 = [ 
-40.000000, 41.997972, 42.027751;
-39.900000, 42.153046, 42.155202;
-39.800000, 42.533697, 42.506786;
-39.700000, 42.409595, 42.408692;
-39.600000, 42.439353, 42.399617;
-39.500000, 42.672359, 42.739079;
-39.400000, 42.550725, 42.597472;
-39.300000, 42.842223, 42.878714;
-39.200000, 43.347290, 43.447370;
-39.100000, 42.538672, 42.502626;
-39.000000, 42.916255, 42.851702;
-38.900000, 43.108453, 43.219491;
-38.800000, 43.272422, 43.252046;
-38.700000, 43.515214, 43.594148;
-38.600000, 43.749124, 43.806074;
-38.500000, 43.514076, 43.556012;
-38.400000, 43.811349, 43.897930;
-38.300000, 43.602586, 43.636655;
-38.200000, 44.149140, 44.185703;
-38.100000, 43.864849, 43.851142;
-38.000000, 43.873689, 43.974178;
-37.900000, 44.533528, 44.682760;
-37.800000, 44.060688, 44.166294;
-37.700000, 44.514312, 44.585230;
-37.600000, 44.219584, 44.208787;
-37.500000, 43.988631, 43.988774;
-37.400000, 44.794458, 44.802322;
-37.300000, 44.888191, 44.894217;
-37.200000, 44.803005, 44.812323;
-37.100000, 44.906754, 44.960087;
-37.000000, 45.053550, 45.115787;
-36.900000, 45.166948, 45.208384;
-36.800000, 44.874858, 44.818286;
-36.700000, 45.589737, 45.686204;
-36.600000, 45.174852, 45.241090;
-36.500000, 45.549999, 45.591165;
-36.400000, 45.873663, 45.866974;
-36.300000, 45.730625, 45.728928;
-36.200000, 45.452113, 45.462354;
-36.100000, 46.516089, 46.446046;
-36.000000, 46.076308, 46.187080;
-35.900000, 46.178590, 46.285134;
-35.800000, 46.570459, 46.509356;
-35.700000, 46.488514, 46.512090;
-35.600000, 46.750702, 46.764832;
-35.500000, 46.367179, 46.498976;
-35.400000, 46.470148, 46.502042;
-35.300000, 46.677087, 46.597261;
-35.200000, 46.976813, 47.103032;
-35.100000, 46.865996, 46.990657;
-35.000000, 47.035422, 47.077691;
-34.900000, 47.224639, 47.316302;
-34.800000, 47.324149, 47.310734;
-34.700000, 47.594628, 47.597800;
-34.600000, 47.380210, 47.338451;
-34.500000, 47.256258, 47.376221;
-34.400000, 47.457682, 47.517026;
-34.300000, 47.743732, 47.745857;
-34.200000, 47.493362, 47.648406;
-34.100000, 47.981791, 47.993031;
-34.000000, 48.100829, 48.319035;
-33.900000, 48.080256, 48.210788;
-33.800000, 48.442321, 48.501829;
-33.700000, 48.185720, 48.491016;
-33.600000, 48.789237, 48.879143;
-33.500000, 48.269437, 48.386759;
-33.400000, 48.582656, 48.637830;
-33.300000, 48.566908, 48.598541;
-33.200000, 48.667740, 48.867998;
-33.100000, 48.680958, 48.798419;
-33.000000, 49.182415, 49.191252;
-32.900000, 49.334259, 49.361708;
-32.800000, 48.953481, 49.057197;
-32.700000, 48.830021, 48.891264;
-32.600000, 49.466647, 49.572961;
-32.500000, 49.547009, 49.668330;
-32.400000, 49.647789, 49.673106;
-32.300000, 49.657177, 49.788890;
-32.200000, 49.949233, 49.988270;
-32.100000, 49.471517, 49.656196;
-32.000000, 49.544126, 49.719407;
-31.900000, 49.890567, 50.017438;
-31.800000, 50.531769, 50.569749;
-31.700000, 49.699017, 49.884232;
-31.600000, 50.164611, 50.342305;
-31.500000, 50.479010, 50.551125;
-31.400000, 50.872387, 50.760683;
-31.300000, 50.379671, 50.530517;
-31.200000, 50.914333, 50.974591;
-31.100000, 50.763193, 50.810339;
-31.000000, 51.112291, 51.178898;
-30.900000, 51.312265, 51.364306;
-30.800000, 51.146416, 51.153279;
-30.700000, 50.832341, 51.062710;
-30.600000, 51.356625, 51.392067;
-30.500000, 51.358269, 51.945211;
-30.400000, 51.588639, 52.163969;
-30.300000, 51.481724, 51.959771;
-30.200000, 51.453491, 52.073083;
-30.100000, 51.356634, 51.732505;
-30.000000, 51.632943, 52.101036;
-29.900000, 51.843430, 52.462552;
-29.800000, 51.924167, 52.253216;
-29.700000, 51.834383, 52.232868;
-29.600000, 52.075460, 52.692450;
-29.500000, 52.029473, 52.558732;
-29.400000, 52.380130, 52.640743;
-29.300000, 52.403800, 52.830256;
-29.200000, 52.052811, 52.572645;
-29.100000, 52.374837, 52.880264;
-29.000000, 53.157891, 53.393891;
-28.900000, 52.717463, 52.950396;
-28.800000, 52.664822, 53.091506;
-28.700000, 52.380251, 52.612948;
-28.600000, 52.754835, 53.215167;
-28.500000, 53.139725, 53.398134;
-28.400000, 53.214161, 53.655038;
-28.300000, 52.994541, 53.659915;
-28.200000, 53.507525, 53.906230;
-28.100000, 53.456100, 53.894764;
-28.000000, 53.620396, 54.012121;
-27.900000, 53.510987, 54.036803;
-27.800000, 53.644847, 54.219117;
-27.700000, 53.819246, 54.270188;
-27.600000, 53.641498, 54.111527;
-27.500000, 53.637182, 54.247460;
-27.400000, 53.956768, 54.385123;
-27.300000, 53.957194, 54.460629;
-27.200000, 54.247971, 54.908035;
-27.100000, 54.488594, 55.370031;
-27.000000, 54.279586, 54.984133;
-26.900000, 54.441803, 55.010444;
-26.800000, 54.744676, 55.287841;
-26.700000, 55.141072, 55.494340;
-26.600000, 54.816195, 55.405943;
-26.500000, 55.141590, 55.580572;
-26.400000, 55.078565, 55.626840;
-26.300000, 55.211639, 55.608564;
-26.200000, 55.479269, 55.856036;
-26.100000, 55.310261, 55.821980;
-26.000000, 55.300123, 55.838019;
-25.900000, 55.154836, 55.905881;
-25.800000, 55.715767, 56.143087;
-25.700000, 55.662522, 55.993539;
-25.600000, 55.900027, 56.199703;
-25.500000, 56.442375, 56.969357;
-25.400000, 56.114484, 56.578360;
-25.300000, 55.851426, 56.316074;
-25.200000, 56.332358, 56.680700;
-25.100000, 56.806758, 57.226962;
-25.000000, 56.634228, 57.053212;
-24.900000, 56.835572, 57.118862;
-24.800000, 56.996292, 57.654835;
-24.700000, 56.688665, 57.360580;
-24.600000, 57.073746, 57.457751;
-24.500000, 56.339019, 57.626664;
-24.400000, 55.776978, 57.426940;
-24.300000, 56.228285, 57.561576;
-24.200000, 56.200988, 57.712801;
-24.100000, 56.758236, 58.166750;
-24.000000, 56.638215, 58.070090;
-23.900000, 56.313011, 57.438121;
-23.800000, 56.824858, 58.081597;
-23.700000, 57.033312, 58.511006;
-23.600000, 56.982368, 58.399239;
-23.500000, 57.547435, 58.605073;
-23.400000, 57.158371, 58.282600;
-23.300000, 57.347828, 58.537504;
-23.200000, 57.130725, 58.578344;
-23.100000, 57.709590, 59.056442;
-23.000000, 57.786687, 59.018883;
-22.900000, 57.555507, 58.902563;
-22.800000, 57.758114, 59.145765;
-22.700000, 58.002867, 59.274658;
-22.600000, 58.259424, 59.745138;
-22.500000, 57.879496, 59.305900;
-22.400000, 58.345975, 59.521507;
-22.300000, 57.799899, 59.293082;
-22.200000, 58.744889, 59.916460;
-22.100000, 58.022119, 59.786874;
-22.000000, 58.254830, 59.756426;
-21.900000, 58.759894, 60.165925;
-21.800000, 58.913702, 60.123857;
-21.700000, 58.955313, 60.406584;
-21.600000, 59.246464, 60.801747;
-21.500000, 59.088413, 60.400604;
-21.400000, 58.889028, 60.332160;
-21.300000, 58.994090, 60.228101;
-21.200000, 59.492172, 61.052784;
-21.100000, 59.429634, 60.920827;
-21.000000, 60.065953, 61.177489;
-20.900000, 59.351512, 60.918617;
-20.800000, 60.086521, 61.412647;
-20.700000, 59.962726, 61.463260;
-20.600000, 60.019897, 61.407518;
-20.500000, 59.915316, 61.573642;
-20.400000, 60.376473, 61.767074;
-20.300000, 60.286345, 61.708099;
-20.200000, 60.389853, 61.878969;
-20.100000, 60.764284, 62.030951;
-20.000000, 59.966564, 61.611730;
-19.900000, 60.737707, 62.060957;
-19.800000, 60.598591, 61.996050;
-19.700000, 60.760834, 62.313275;
-19.600000, 60.772870, 62.653702;
-19.500000, 60.572689, 62.448559;
-19.400000, 60.908035, 62.780377;
-19.300000, 60.660718, 62.572404;
-19.200000, 61.038900, 62.779926;
-19.100000, 61.108978, 62.756389;
-19.000000, 61.201501, 63.091332;
-18.900000, 61.017718, 63.393259;
-18.800000, 61.169918, 63.278371;
-18.700000, 61.452055, 63.626089;
-18.600000, 61.160341, 63.263476;
-18.500000, 60.389503, 63.244181;
-18.400000, 59.978352, 63.835294;
-18.300000, 60.243576, 63.693721;
-18.200000, 44.125359, -0.118179;
-18.100000, 36.843052, -0.022057;
-18.000000, 32.961791, 0.077791;
-17.900000, 30.313784, 0.178357;
-17.800000, 28.307073, 0.278496;
-17.700000, 26.695219, 0.379147;
-17.600000, 25.350399, 0.477831;
-17.500000, 24.198596, 0.580027;
-17.400000, 23.192706, 0.679956;
-17.300000, 22.301154, 0.778937;
-17.200000, 21.501412, 0.877829;
-17.100000, 20.777233, 0.979730;
-17.000000, 20.116165, 1.077625;
-16.900000, 19.508658, 1.178083;
-16.800000, 18.947145, 1.279093;
-16.700000, 18.425616, 1.378738;
-16.600000, 17.939117, 1.478776;
