res_256_2 = [ 
-40.000000, 40.919941, 41.099740;
-39.900000, 41.594793, 41.589320;
-39.800000, 42.691543, 42.719938;
-39.700000, 41.929842, 41.945738;
-39.600000, 42.411375, 42.425581;
-39.500000, 42.447188, 42.581231;
-39.400000, 43.498820, 43.566207;
-39.300000, 41.531260, 41.582829;
-39.200000, 42.082170, 42.161140;
-39.100000, 41.886766, 41.925361;
-39.000000, 42.338023, 42.271014;
-38.900000, 42.342657, 42.403117;
-38.800000, 41.983413, 41.996182;
-38.700000, 43.839176, 43.795956;
-38.600000, 43.069912, 43.193698;
-38.500000, 43.546382, 43.616709;
-38.400000, 42.748541, 42.765037;
-38.300000, 44.558311, 44.472973;
-38.200000, 43.713237, 43.725612;
-38.100000, 42.772312, 42.838016;
-38.000000, 44.188866, 44.237617;
-37.900000, 42.742099, 42.716337;
-37.800000, 43.856696, 43.857528;
-37.700000, 44.575016, 44.761387;
-37.600000, 43.943497, 44.021046;
-37.500000, 43.963040, 44.135518;
-37.400000, 44.144261, 44.306340;
-37.300000, 44.788465, 44.877150;
-37.200000, 45.360914, 45.360803;
-37.100000, 44.943920, 44.983252;
-37.000000, 45.612642, 45.502251;
-36.900000, 45.776430, 45.870949;
-36.800000, 45.028666, 45.186235;
-36.700000, 44.841701, 44.828287;
-36.600000, 45.112710, 45.114865;
-36.500000, 46.125183, 46.382896;
-36.400000, 44.808303, 44.714422;
-36.300000, 44.503229, 44.541260;
-36.200000, 45.764288, 45.803575;
-36.100000, 46.187923, 46.349567;
-36.000000, 45.897303, 45.916445;
-35.900000, 46.173562, 46.417460;
-35.800000, 47.144541, 47.168385;
-35.700000, 44.915722, 44.911182;
-35.600000, 45.049407, 45.120107;
-35.500000, 44.974634, 45.028312;
-35.400000, 45.049978, 45.101020;
-35.300000, 47.658071, 47.759458;
-35.200000, 46.526576, 46.716747;
-35.100000, 46.877885, 46.983744;
-35.000000, 46.640822, 46.555863;
-34.900000, 47.418619, 47.530992;
-34.800000, 46.829726, 46.881003;
-34.700000, 47.244911, 47.279113;
-34.600000, 46.303880, 46.319321;
-34.500000, 47.169195, 47.174555;
-34.400000, 47.533034, 47.586297;
-34.300000, 47.529938, 47.658306;
-34.200000, 48.403739, 48.393927;
-34.100000, 47.661302, 47.757864;
-34.000000, 47.619548, 47.601300;
-33.900000, 48.076952, 48.137630;
-33.800000, 47.326827, 47.332972;
-33.700000, 48.834167, 48.857895;
-33.600000, 48.219422, 48.192390;
-33.500000, 46.986197, 46.991673;
-33.400000, 47.922191, 48.046314;
-33.300000, 48.909027, 48.922446;
-33.200000, 48.979636, 49.058714;
-33.100000, 47.669423, 47.735734;
-33.000000, 47.589826, 47.701308;
-32.900000, 47.584426, 47.682810;
-32.800000, 49.495127, 49.658447;
-32.700000, 49.222623, 49.271150;
-32.600000, 48.220970, 48.279565;
-32.500000, 49.465497, 49.588619;
-32.400000, 48.852445, 48.937801;
-32.300000, 49.695203, 49.733744;
-32.200000, 49.928173, 50.011208;
-32.100000, 48.622173, 48.695896;
-32.000000, 49.300375, 49.302202;
-31.900000, 49.056043, 49.124119;
-31.800000, 50.338679, 50.476546;
-31.700000, 50.697124, 50.798133;
-31.600000, 50.021683, 50.208716;
-31.500000, 50.384874, 50.486552;
-31.400000, 49.217595, 49.264824;
-31.300000, 50.679789, 50.975749;
-31.200000, 51.453715, 51.512111;
-31.100000, 50.542366, 50.616073;
-31.000000, 51.544377, 51.584455;
-30.900000, 50.900444, 50.947961;
-30.800000, 50.719713, 50.836894;
-30.700000, 50.813063, 50.833748;
-30.600000, 50.859275, 51.041976;
-30.500000, 51.968734, 52.024333;
-30.400000, 50.132976, 50.293915;
-30.300000, 50.839624, 51.008373;
-30.200000, 51.525093, 51.807651;
-30.100000, 50.630192, 50.703237;
-30.000000, 51.873984, 52.095183;
-29.900000, 52.167002, 52.273424;
-29.800000, 51.143099, 51.229462;
-29.700000, 52.295143, 52.459609;
-29.600000, 52.605039, 52.678926;
-29.500000, 52.632732, 52.908316;
-29.400000, 52.661775, 52.940527;
-29.300000, 53.158240, 53.126716;
-29.200000, 51.754693, 51.955563;
-29.100000, 52.913354, 53.045543;
-29.000000, 51.962080, 52.091601;
-28.900000, 51.763475, 51.930493;
-28.800000, 52.582601, 52.831754;
-28.700000, 52.563398, 52.650068;
-28.600000, 51.739138, 51.815946;
-28.500000, 53.366842, 53.379621;
-28.400000, 52.295241, 52.403802;
-28.300000, 53.010434, 53.161654;
-28.200000, 53.456083, 53.706565;
-28.100000, 53.249737, 53.381558;
-28.000000, 53.904694, 54.060932;
-27.900000, 53.353038, 53.578651;
-27.800000, 54.121751, 54.255706;
-27.700000, 54.427896, 54.654028;
-27.600000, 53.067360, 53.151088;
-27.500000, 53.333096, 53.359639;
-27.400000, 55.015606, 55.190110;
-27.300000, 54.804494, 55.037625;
-27.200000, 53.627288, 53.812437;
-27.100000, 54.158513, 54.365697;
-27.000000, 54.298129, 54.345422;
-26.900000, 54.724915, 54.948352;
-26.800000, 53.963697, 54.131515;
-26.700000, 55.486748, 55.548922;
-26.600000, 53.968491, 54.448839;
-26.500000, 54.688963, 54.790007;
-26.400000, 53.616746, 54.643810;
-26.300000, 55.393884, 55.489574;
-26.200000, 55.374721, 55.693464;
-26.100000, 56.007143, 56.422118;
-26.000000, 55.143269, 55.394628;
-25.900000, 56.047007, 56.592382;
-25.800000, 56.441209, 56.709442;
-25.700000, 55.415000, 55.646359;
-25.600000, 55.581342, 55.721841;
-25.500000, 56.566659, 56.888789;
-25.400000, 55.437065, 56.780099;
-25.300000, 54.834916, 55.668170;
-25.200000, 56.856048, 57.129481;
-25.100000, 57.447299, 57.665779;
-25.000000, 56.686825, 56.968184;
-24.900000, 56.965134, 57.263608;
-24.800000, 56.481071, 56.626927;
-24.700000, 56.889798, 57.010723;
-24.600000, 56.737995, 56.810495;
-24.500000, 56.495537, 57.503385;
-24.400000, 57.353422, 57.733354;
-24.300000, 56.158695, 56.811255;
-24.200000, 55.813999, 56.289548;
-24.100000, 56.496216, 56.790613;
-24.000000, 57.394309, 57.681667;
-23.900000, 57.857315, 58.016692;
-23.800000, 57.900110, 58.754799;
-23.700000, 57.389588, 57.831578;
-23.600000, 57.121895, 57.403611;
-23.500000, 57.154009, 57.998112;
-23.400000, 57.310980, 58.307191;
-23.300000, 57.087468, 57.376551;
-23.200000, 57.378569, 58.235251;
-23.100000, 58.129251, 58.658735;
-23.000000, 57.647166, 58.374608;
-22.900000, 58.619171, 59.806945;
-22.800000, 56.956044, 58.151883;
-22.700000, 59.687216, 59.811821;
-22.600000, 58.844700, 59.524781;
-22.500000, 59.579462, 59.816562;
-22.400000, 59.169342, 60.292006;
-22.300000, 58.810546, 59.730204;
-22.200000, 59.661753, 59.917102;
-22.100000, 58.400068, 58.756822;
-22.000000, 59.733671, 61.062307;
-21.900000, 58.297566, 59.070789;
-21.800000, 59.675825, 59.998320;
-21.700000, 57.824994, 58.925783;
-21.600000, 59.113571, 59.490291;
-21.500000, 58.926565, 59.581976;
-21.400000, 58.894218, 59.583413;
-21.300000, 59.951767, 60.570538;
-21.200000, 59.726362, 60.478649;
-21.100000, 58.911658, 59.814434;
-21.000000, 60.146617, 60.574205;
-20.900000, 59.855861, 60.710624;
-20.800000, 61.170160, 61.423144;
-20.700000, 58.854647, 60.134293;
-20.600000, 61.050622, 61.782874;
-20.500000, 60.300460, 61.458081;
-20.400000, 59.875991, 60.985360;
-20.300000, 62.048429, 62.403984;
-20.200000, 59.709269, 60.856336;
-20.100000, 60.551656, 60.720332;
-20.000000, 61.072038, 61.438479;
-19.900000, 61.285419, 62.008931;
-19.800000, 60.208490, 61.512648;
-19.700000, 60.364364, 62.019826;
-19.600000, 60.240455, 63.107960;
-19.500000, 60.244119, 61.643177;
-19.400000, 60.527354, 61.683962;
-19.300000, 61.310358, 62.510880;
-19.200000, 61.143320, 62.898781;
-19.100000, 60.948527, 62.174412;
-19.000000, 60.687640, 61.631600;
-18.900000, 61.566356, 63.308486;
-18.800000, 61.353261, 63.002858;
-18.700000, 61.001392, 62.924914;
-18.600000, 61.990406, 63.689913;
-18.500000, 60.886841, 63.369650;
-18.400000, 60.825507, 62.845503;
-18.300000, 61.472042, 63.035650;
-18.200000, 60.912317, 63.399930;
-18.100000, 60.967785, 62.779790;
-18.000000, 61.713524, 63.583140;
-17.900000, 61.420001, 63.390219;
-17.800000, 61.009601, 63.355770;
-17.700000, 61.834105, 63.412591;
-17.600000, 61.066436, 62.747511;
-17.500000, 62.114819, 64.141558;
-17.400000, 62.080247, 64.260461;
-17.300000, 61.060267, 63.019701;
-17.200000, 62.006659, 63.451348;
-17.100000, 61.696865, 63.795648;
-17.000000, 61.413223, 63.542105;
-16.900000, 61.996867, 64.056241;
-16.800000, 62.639832, 64.854307;
-16.700000, 63.107099, 65.333303;
